PermLength 2 : 2 1 
PermLength 3 : 3 2 1 
PermLength 4 : 4 3 2 1 
PermLength 5 : 5 4 3 2 1 6 
PermLength 6 : 6 5 4 3 2 1 
PermLength 7 : 7 6 5 4 3 2 1 10 12 
PermLength 8 : 8 7 6 5 4 3 2 1 10 12 15 
PermLength 9 : 9 8 7 6 5 4 3 2 1 10 12 15 14 20 
PermLength 10 : 10 9 8 7 6 5 4 3 2 1 12 15 14 20 30 21 
PermLength 11 : 11 10 9 8 7 6 5 4 3 2 1 12 15 14 20 30 21 18 24 28 
PermLength 12 : 12 11 10 9 8 7 6 5 4 3 2 1 15 14 20 30 21 18 24 28 42 60 35 
PermLength 13 : 13 12 11 10 9 8 7 6 5 4 3 2 1 15 14 20 30 21 18 24 28 42 60 35 22 36 40 
PermLength 14 : 14 13 12 11 10 9 8 7 6 5 4 3 2 1 15 20 30 21 18 24 28 42 60 35 22 36 40 70 33 84 45 
PermLength 15 : 15 14 13 12 11 10 9 8 7 6 5 4 3 2 1 20 30 21 18 24 28 42 60 35 22 36 40 70 33 84 45 26 105 44 56 
PermLength 16 : 16 15 14 13 12 11 10 9 8 7 6 5 4 3 2 1 20 30 21 18 24 28 42 60 35 22 36 40 70 33 84 45 26 105 44 56 66 90 39 120 140 55 63 
PermLength 17 : 17 16 15 14 13 12 11 10 9 8 7 6 5 4 3 2 1 20 30 21 18 24 28 42 60 35 22 36 40 70 33 84 45 26 105 44 56 66 90 39 120 140 55 63 210 52 72 
PermLength 18 : 18 17 16 15 14 13 12 11 10 9 8 7 6 5 4 3 2 1 20 30 21 24 28 42 60 35 22 36 40 70 33 84 45 26 105 44 56 66 90 39 120 140 55 63 210 52 72 78 110 126 132 168 180 65 77 
PermLength 19 : 19 18 17 16 15 14 13 12 11 10 9 8 7 6 5 4 3 2 1 20 30 21 24 28 42 60 35 22 36 40 70 33 84 45 26 105 44 56 66 90 39 120 140 55 63 210 52 72 78 110 126 132 168 180 65 77 34 48 420 165 88 
PermLength 20 : 20 19 18 17 16 15 14 13 12 11 10 9 8 7 6 5 4 3 2 1 30 21 24 28 42 60 35 22 36 40 70 33 84 45 26 105 44 56 66 90 39 120 140 55 63 210 52 72 78 110 126 132 168 180 65 77 34 48 420 165 88 130 154 51 156 220 252 280 91 99 
