PermLength 2 : 2 
PermLength 3 : 2 3 
PermLength 4 : 3 4 
PermLength 5 : 4 5 6 
PermLength 6 : 4 5 6 ____ 12 5
PermLength 7 : 7 10 12 ___60 7
PermLength 8 : 7 8 10 12 15 
PermLength 9 : 8 9 12 14 15 20 
PermLength 10 : 8 9 12 14 20 21 30 
PermLength 11 : 11 18 20 21 24 28 30 
PermLength 12 : 11 18 24 28 35 42 60 
PermLength 13 : 13 22 24 28 35 36 40 42 60 
PermLength 14 : 13 22 24 33 36 40 45 60 70 84 
PermLength 15 : 24 26 33 36 40 44 45 56 60 70 84 105 
PermLength 16 : 16 26 36 39 44 55 56 63 66 84 90 105 120 140 
PermLength 17 : 16 17 39 44 52 55 56 63 66 72 84 90 120 140 210 
PermLength 18 : 16 17 52 65 72 77 78 110 120 126 132 140 168 180 210 
PermLength 19 : 19 34 48 52 65 72 77 78 88 110 120 126 132 165 168 180 420 
PermLength 20 : 19 34 48 51 72 88 91 99 120 130 132 154 156 165 168 180 220 252 280 420 
PermLength 21 : 38 48 51 68 72 80 88 91 99 104 120 130 132 154 156 168 180 195 220 231 252 280 315 330 420 
PermLength 22 : 38 48 57 68 80 85 102 104 117 156 168 182 195 198 220 231 252 260 264 280 308 315 330 360 420 
PermLength 23 : 23 48 57 68 76 80 85 102 104 112 117 156 182 198 252 260 264 273 308 360 385 390 462 630 660 840 
PermLength 24 : 23 76 95 112 114 119 143 170 204 234 240 260 264 273 308 312 360 364 385 390 396 440 462 504 630 660 840 
PermLength 25 : 25 46 76 95 112 114 119 136 143 144 170 204 234 240 255 264 312 360 364 396 440 455 495 504 546 660 770 780 840 924 1260 
PermLength 26 : 25 46 69 133 136 144 153 190 204 228 238 240 255 264 286 312 336 340 360 364 396 440 455 468 495 504 520 546 616 660 770 780 840 924 1155 1260 
PermLength 27 : 27 50 69 92 133 136 144 152 153 176 190 204 228 238 240 285 286 312 336 340 357 360 396 429 468 504 510 520 585 616 693 780 840 910 924 990 1092 1155 1260 1320 1540 
PermLength 28 : 27 50 75 92 115 138 144 152 171 176 187 228 240 266 285 306 312 336 340 357 360 380 408 429 468 476 504 510 520 560 572 585 616 693 728 780 792 840 910 924 990 1092 1260 1320 1365 1540 2310 
PermLength 29 : 29 54 75 92 100 115 138 144 152 171 176 187 208 228 240 266 306 336 380 399 408 468 476 560 570 572 595 714 715 728 792 819 858 1020 1092 1170 1320 1365 1386 1540 1560 1820 1848 1980 2310 2520 
