00000011011 11011000000
00100111111 11111100100
000000000000 111111111111
000000101101 101101000000
000000111111 111111000000
001000001101 101100000100
001001100001 100001100100
001100001001 100100001100
010010111111 111111010010
010011111011 110111110010
011011110011 110011110110
011110011011 110110011110
0000000000001 1000000000000
xxxxxxxxxxxxy yxxxxxxxxxxxx
0000001001011 1001011000000
xxxxxxyxxyxyy yxxyxyyxxxxxx
0000001010111 1010111000000
xxxxxxyxyxyyy yxyxyyyxxxxxx
0000001100011 1100011000000
xxxxxxyyxxxyy yyxxxyyxxxxxx
0000001101001 1101001000000 --
0000001110101 1110101000000 --
0001010111111 1111110001010 --
0010011010011 1100101100100
xxyxxyyxyxxyy yyxxyxyyxxyxx
0010110111111 1111110010110 --
0011001000011 1100001001100
xxyyxxyxxxxyy yyxxxxyxxyyxx
0011001001100 1100001000011
xxyyxxyxxyyxx yyxxxxyxxxxyy
0011001011001 1001101001100
xxyyxxyxyyxxy yxxyyxyxxyyxx
0011010011011 1101100101100
0011100111111 1111110011100
0011110110011 1100110111100
0011110111100 1100110110011
0101000111111 1111110101000
0110010110011 1100110100110
0110100111111 1111110110100
0111111111111 1111111111110
00000000000010 10111111111111
00000000000011 11000000000000
00000010001101 10001101000000
00000010011111 10011111000000
00000010100101 10100101000000
00000010110001 10110001000000
00000011001111 11001111000000
00000011100111 11100111000000
00000011110011 11110011000000
00000011111001 11111001000000
00000110111111 11111100000110
00001011000001 10000011010000
00001011001011 10110010110000
00001011111100 10001111100001
00001100100001 10000100110000
00001100111111 11111100001100
00001101001101 11010011010000
00011000111111 11111100011000
00011101111000 11100001000111
00011110111000 11100010000111
00101100101111 11110010110010
00110000111111 11111100110000
00110001101001 10010110001100
00111111010000 10000111110001
00111111111111 11111111111100
01000000000000 11111111111101
01001101001111 11110100110100
01001110111111 11111101001110
01010101101010 10101001010101
01010110010110 10010110010101
01010110101010 10101010010101
01011010100110 10011010100101
01011010111111 11111101011010
01100000111111 11111101100000
01100101011010 10100101011001
01100101100110 10011001011001
01100110100110 10011010011001
01101001101010 10101001101001
01101001110011 11001110010110
01110000011110 11110100000011
01110010111111 11111101110010
01111000001110 11000000101111
01111011001111 11110011011110
01111100101111 11110100111110

