10100110011001011001100101100110 01100110100110011010011001100101
0101010101011010101010101010101001010101 1010101001010101010101010101101010101010
0101010110011001101001100110100110011010 0101100110010110011001011001100110101010
0101011001101001100110100110011001011010 0101101001100110010110011001011001101010
0110010110011001101001100110100110010110 0110100110010110011001011001100110100110
0110011001101001100110100110011001010110 0110101001100110010110011001011001100110
10011001011001100110011001101001100110010110 01101001100110010110011001100110011010011001
01100110011001100110011010011001100110011001 10011001100110011001011001100110011001100110
10011001011001100101011001100110100110011010 01011001100101100110011010100110011010011001
011001100101101001100110100110011001100110011001 100110011001100110011001011001100101101001100110
010110100101010101011010101010101010101001010101 101010100101010101010101010110101010101001011010
101001100110010110011001011001101001100101100110 011001101001100101100110100110011010011001100101
010101010101011010101010101010101010100101010101 101010101001010101010101010101010110101010101010
010101010101010101011010101010101010101010100101 101001010101010101010101010110101010101010101010
010101011010101010010101010101100110101010101001 100101010101011001101010101010010101010110101010
010101101010010101101010010101101010100110011001 100110011001010101101010010101101010010101101010
0110011001100110011010100110010101100110100110011001 1001100110010110011010100110010101100110011001100110
0110011001011001100110011001100110100110011001101001 1001011001100110010110011001100110011001101001100110
01011001100110100110011010011001 10011001011001100101100110011010
1010101010100101010101010101010110101010 0101010110101010101010101010010101010101
1010101001100110010110011001011001100101 1010011001101001100110100110011001010101
1010100110010110011001011001100110100101 1010010110011001101001100110100110010101
1001101001100110010110011001011001101001 1001011001101001100110100110011001011001
1001100110010110011001011001100110101001 1001010110011001101001100110100110011001
01100110100110011001100110010110011001101001 10010110011001101001100110011001100101100110
10011001100110011001100101100110011001100110 01100110011001100110100110011001100110011001
01100110100110011010100110011001011001100101 10100110011010011001100101011001100101100110
100110011010010110011001011001100110011001100110 011001100110011001100110100110011010010110011001
101001011010101010100101010101010101010110101010 010101011010101010101010101001010101010110100101
010110011001101001100110100110010110011010011001 100110010110011010011001011001100101100110011010
101010101010100101010101010101010101011010101010 010101010110101010101010101010101001010101010101
101010101010101010100101010101010101010101011010 010110101010101010101010101001010101010101010101
101010100101010101101010101010011001010101010110 011010101010100110010101010101101010101001010101
101010010101101010010101101010010101011001100110 011001100110101010010101101010010101101010010101
1001100110011001100101011001101010011001011001100110 0110011001101001100101011001101010011001100110011001
1001100110100110011001100110011001011001100110010110 0110100110011001101001100110011001100110010110011001
