010101010101010101011010101010101010101010100101 101001010101010101010101010110101010101010101010
010101010101011010101010101010101010100101010101 101010101001010101010101010101010110101010101010
010101010110101010101010101010101001010101010101 101010101010100101010101010101010101011010101010
010101011010101010010101010101100110101010101001 100101010101011001101010101010010101010110101010
010101011010101010101010101001010101010110100101 101001011010101010100101010101010101010110101010
010101101010010101101010010101101010100110011001 100110011001010101101010010101101010010101101010
010110011001101001100110100110010110011010011001 100110010110011010011001011001100101100110011010
010110100101010101011010101010101010101001010101 101010100101010101010101010110101010101001011010
010110101010101010101010101001010101010101010101 101010101010101010100101010101010101010101011010
011001100101101001100110100110011001100110011001 100110011001100110011001011001100101101001100110
011001100110011001100110100110011010010110011001 100110011010010110011001011001100110011001100110
011001100110101010010101101010010101101010010101 101010010101101010010101101010010101011001100110
011001101001100101100110100110011010011001100101 101001100110010110011001011001101001100101100110
011010101010100110010101010101101010101001010101 101010100101010101101010101010011001010101010110
