1001010101010110101010100101010101010101 0101010110101010100101010101011001010101
1001010101010110101010100101010101010110 0101010110101010100101010101011001010110
1001010101010110101010100101010101011001 0101010110101010100101010101011001011001
1001010101010110101010100101010101011010 0101010110101010100101010101011001011010
1001010101010110101010100101010101100101 0101010110101010100101010101011001100101
1001010101010110101010100101010101100110 0101010110101010100101010101011001100110
1001010101010110101010100101010101101001 0101010110101010100101010101011001101001
1001010101010110101010100101010101101010 0101010110101010100101010101011001101010
1001010101010110101010100101010110010101 0101010110101010100101010101011010010101
1001010101010110101010100101010110010110 0101010110101010100101010101011010010110
1001010101010110101010100101010110011001 0101010110101010100101010101011010011001
1001010101010110101010100101010110011010 0101010110101010100101010101011010011010
1001010101010110101010100101010110100101 0101010110101010100101010101011010100101
1001010101010110101010100101010110100110 0101010110101010100101010101011010100110
1001010101010110101010100101010110101001 0101010110101010100101010101011010101001
1001010101010110101010100101010110101010 0101010110101010100101010101011010101010
1001011001010101010110101010100101010101 0101010110101010100101010101011001011001
1001011001010101010110101010100101010110 0101010110101010100101010101011001011010
1001100101100110010110011001101001010101 0101100110011010011001101001100101010101
1001100101100110010110011001101001010110 0101100110011010011001101001100101010110
1001100101100110010110011001101001011001 0101100110011010011001101001100101011001
1001100101100110010110011001101001011010 0101100110011010011001101001100101011010
1001100101100110010110011001101001100101 0101100110011010011001101001100101100101
1001100101100110010110011001101001100110 0101100110011010011001101001100101100110
1001100101100110010110011001101001101001 0101100110011010011001101001100101101001
1001100101100110010110011001101001101010 0101100110011010011001101001100101101010
1001100101100110010110011001101010010101 0101100110011010011001101001100110010101
1001100101100110010110011001101010010101 0101101010011001100101100110010110011001
1001100101100110010110011001101010010110 0101100110011010011001101001100110010110
1001100101100110010110011001101010010110 0101101010011001100101100110010110011010
1001100101100110010110011001101010011001 0101100110011010011001101001100110011001
1001100101100110010110011001101010011010 0101100110011010011001101001100110011010
1001100101100110010110011001101010100101 0101100110011010011001101001100110100101
1001100101100110010110011001101010100110 0101100110011010011001101001100110100110
1001100101100110010110011001101010101001 0101100110011010011001101001100110101001
1001100101100110010110011001101010101010 0101100110011010011001101001100110101010
1001100101100110011001100110100110011001 0110011001101001100110011001100101100110
1001100110010110011001100110011010011001 0110011010011001100110011001011001100110
1010010101100110011010011001101001100101 0110011010011001101001100110010101101001
1010010101100110011010011001101001100110 0110011010011001101001100110010101101010
1010011001100101100110010110011001010101 0110011010011001101001100110010101010101
1010011001100101100110010110011001010110 0110011010011001101001100110010101010110
1010011001100101100110010110011001011001 0110011010011001101001100110010101011001
1010011001100101100110010110011001011010 0110011010011001101001100110010101011010
1010011001100101100110010110011001100101 0110011010011001101001100110010101100101
1010011001100101100110010110011001100110 0110011010011001101001100110010101100110
1010011001100101100110010110011001101001 0110011010011001101001100110010101101001
1010011001100101100110010110011001101010 0110011010011001101001100110010101101010
1010011001100101100110010110011010010101 0110011010011001101001100110010110010101
1010011001100101100110010110011010010110 0110011010011001101001100110010110010110
1010011001100101100110010110011010011001 0110011010011001101001100110010110011001
1010011001100101100110010110011010011010 0110011010011001101001100110010110011010
1010011001100101100110010110011010100101 0110011010011001101001100110010110100101
1010011001100101100110010110011010100110 0110011010011001101001100110010110100110
1010011001100101100110010110011010101001 0110011010011001101001100110010110101001
1010011001100101100110010110011010101010 0110011010011001101001100110010110101010
1010101001010101010101010101101010101010 0101010101011010101010101010101001010101
1010101001010101011010101010100101010101 0110101010101001010101011010101001010101
1010101001010101011010101010100101010110 0110101010101001010101011010101001010110
1010101001010101011010101010100101011001 0110101010101001010101011010101001011001
1010101001010101011010101010100101011010 0110101010101001010101011010101001011010
1010101001010101011010101010100101100101 0110101010101001010101011010101001100101
1010101001010101011010101010100101100110 0110101010101001010101011010101001100110
1010101001010101011010101010100101101001 0110101010101001010101011010101001101001
1010101001010101011010101010100101101010 0110101010101001010101011010101001101010
1010101001010101011010101010100110010101 0110101010101001010101011010101010010101
1010101001010101011010101010100110010110 0110101010101001010101011010101010010110
1010101001010101011010101010100110011001 0110101010101001010101011010101010011001
1010101001010101011010101010100110011010 0110101010101001010101011010101010011010
1010101001010101011010101010100110100101 0110100110101010101001010101011010101001
1010101001010101011010101010100110100101 0110101010101001010101011010101010100101
1010101001010101011010101010100110100110 0110100110101010101001010101011010101010
1010101001010101011010101010100110100110 0110101010101001010101011010101010100110
1010101001010101011010101010100110101001 0110101010101001010101011010101010101001
1010101001010101011010101010100110101010 0110101010101001010101011010101010101010
1010101010010101010101010101010101010101 0101010101010101010101011010101010010101
1010101010010101010101010101010101010110 0101010101010101010101011010101010010110
1010101010010101010101010101010101011001 0101010101010101010101011010101010011001
1010101010010101010101010101010101011010 0101010101010101010101011010101010011010
1010101010010101010101010101010101100101 0101010101010101010101011010101010100101
1010101010010101010101010101010101100110 0101010101010101010101011010101010100110
1010101010010101010101010101010101101001 0101010101010101010101011010101010101001
1010101010010101010101010101010101101010 0101010101010101010101011010101010101010
1010101010100101010101010101010110101010 0101010110101010101010101010010101010101
1010101010101010101010100101010101010101 0101010101101010101010101010101010010101
1010101010101010101010100101010101010110 0101010101101010101010101010101010010110
1010101010101010101010100101010101011001 0101010101101010101010101010101010011001
1010101010101010101010100101010101011010 0101010101101010101010101010101010011010
1010101010101010101010100101010101100101 0101010101101010101010101010101010100101
1010101010101010101010100101010101100110 0101010101101010101010101010101010100110
1010101010101010101010100101010101101001 0101010101101010101010101010101010101001
1010101010101010101010100101010101101010 0101010101101010101010101010101010101010
