100101010101011010101010010101010101 010101011010101010010101010101100101
100101010101011010101010010101010110 010101011010101010010101010101100110
100101010101011010101010010101011001 010101011010101010010101010101101001
100101010101011010101010010101011010 010101011010101010010101010101101010
100110010110011001011001100110100101 010110011001101001100110100110010101
100110010110011001011001100110100110 010110011001101001100110100110010110
100110010110011001011001100110101001 010110011001101001100110100110011001
100110010110011001011001100110101010 010110011001101001100110100110011010
101001100110010110011001011001100101 011001101001100110100110011001010101
101001100110010110011001011001100110 011001101001100110100110011001010110
101001100110010110011001011001101001 011001101001100110100110011001011001
101001100110010110011001011001101010 011001101001100110100110011001011010
101010100101010101101010101010010101 011010101010100101010101101010100101
101010100101010101101010101010010110 011010101010100101010101101010100110
101010100101010101101010101010011001 011010101010100101010101101010101001
101010100101010101101010101010011010 011010101010100101010101101010101010
101010101001010101010101010101010101 010101010101010101010101101010101001
101010101001010101010101010101010110 010101010101010101010101101010101010
101010101010101010101010010101010101 010101010110101010101010101010101001
101010101010101010101010010101010110 010101010110101010101010101010101010
