10010101010101101010101001010101 01010101101010101001010101010110
10010101010101101010101001010101 01010101101010101001010101010110
1001100101100110010110011001101001 0101100110011010011001101001100101
1001100101100110010110011001101010 0101100110011010011001101001100110
1010011001100101100110010110011001 0110011010011001101001100110010101
1010011001100101100110010110011010 0110011010011001101001100110010110
1010101001010101011010101010100101 0110101010101001010101011010101001
1010101001010101011010101010100110 0110101010101001010101011010101010
1010101010010101010101010101010101 0101010101010101010101011010101010
1010101010101010101010100101010101 0101010101101010101010101010101010
