00000000000010 10111111111111
00000000000011 11000000000000
00000010001101 10001101000000
00000010011111 10011111000000
00000010100101 10100101000000
00000010110001 10110001000000
00000011001111 11001111000000
00000011100111 11100111000000
00000011110011 11110011000000
00000011111001 11111001000000
00000110111111 11111100000110
00001011000001 10000011010000
00001011001011 10110010110000
00001011111100 10001111100001
00001100100001 10000100110000
00001100111111 11111100001100
00001101001101 11010011010000
00011000111111 11111100011000
00011101111000 11100001000111
00011110111000 11100010000111
00101100101111 11110010110010
00110000111111 11111100110000
00110001101001 10010110001100
00111111010000 10000111110001
00111111111111 11111111111100
01000000000000 11111111111101
01001101001111 11110100110100
01001110111111 11111101001110
01010101101010 10101001010101
01010110010110 10010110010101
01010110101010 10101010010101
01011010100110 10011010100101
01011010111111 11111101011010
01100000111111 11111101100000
01100101011010 10100101011001
01100101100110 10011001011001
01100110100110 10011010011001
01101001101010 10101001101001
01101001110011 11001110010110
01110000011110 11110100000011
01110010111111 11111101110010
01111000001110 11000000101111
01111011001111 11110011011110
01111100101111 11110100111110
