(12) (23)
(12) (23)(45)
(12) (13)(24)
(12) (123)
(12) (134)
(12) (123)(45)
(12) (134)(25)
(12) (1234)
(12) (1324)
(12) (2345)
(12) (12345)
(12) (13245)
(23)(45) (12) 
(13)(24) (12)
(12)(34) (13)(24)
(12)(34) (12)(35)
(12)(34) (13)(25)
(12)(34) (123)
(12)(34) (125)
(12)(34) (135)
(12)(34) (123)(45)
(12)(34) (135)(24)
(12)(34) (125)(34)
(12)(34) (1234)
(12)(34) (1235)
(12)(34) (1325)
(12)(34) (12345)
(12)(34) (13245)
(12)(34) (13425)
(123) (12)
(134) (12)
(123) (12)(34)
(125) (12)(34)
(135) (12)(34)
(123) (145)
(123) (124)
(123) (214)
(123) (145)(23)
(123) (124)(35)
(123) (214)(35)
(123) (1234)
(123) (3214)
(123) (1245)
(123) (2145)
(123) (1425)
(123) (12345)
(123) (32145)
(123) (12435)
(123) (21435)
(123)(45) (12)
(134)(25) (12)
(123)(45) (12)(34)
(135)(24) (12)(34)
(125)(34) (12)(34)
(145)(23) (123)
(124)(35) (123)
(214)(35) (123)
(123)(45) (145)(23)
(123)(45) (124)(35)
(123)(45) (214)(35)
(123)(45) (1234)
(123)(45) (3214)
(123)(45) (1245)
(123)(45) (2145)
(123)(45) (1425)
(123)(45) (12345)
(123)(45) (32145)
(123)(45) (12435)
(123)(45) (21435)
(1234) (12)
(1324) (12)
(2345) (12)
(1234) (12)(34)
(1235) (12)(34)
(1325) (12)(34)
(1234) (123)
(3214) (123)
(1245) (123)
(2145) (123)
(1425) (123)
(1234) (123)(45)
(3214) (123)(45)
(1245) (123)(45)
(2145) (123)(45)
(1425) (123)(45)
(1234) (1243)
(1234) (1235)
(1234) (2135)
(1234) (1325)
(1234) (2315)
(1234) (3215)
(1234) (3125)
(1234) (12345)
(1234) (43215)
(1234) (12435)
(1234) (12543)
(1234) (12453)
(1234) (21354)
(12345) (12)
(13245) (12)
(12345) (12)(34)
(13245) (12)(34)
(13425) (12)(34)
(12345) (123)
(32145) (123)
(12435) (123)
(21435) (123)
(12345) (123)(45)
(32145) (123)(45)
(12435) (123)(45)
(21435) (123)(45)
(12345) (1234)
(43215) (1234)
(12435) (1234)
(12543) (1234)
(12453) (1234)
(21354) (1234)
(12345) (12354)
(12345) (12453)
(12345) (12543)
(12345) (13254)