0001110000011111110000011011110101100010 0001111111000001110000011011110101100010
0110100110011100111101011010111111101000 0110011100111101011010011010111111101000
1100011101001011100100111111011111010001 1100011100100111010010111111011111010001
1100010010101111110101011110101110100110 1100010010111111010101011110101110100110
0111110000011101000111011101001001100111 0111010001111100000111011101001001100111
1001011000000100110110011111010100010001 1001101100101100000010011111010100010001
1110000111110011111001000110101011110010 1110011111000011111001000110101011110010
1110000011111000010001101100110001011110 1110000100011011001100010111100000111110
0010111000110010111100111000010000011110 0010111100111000010111000110010000011110
1101000000101010011110000101000100110010 1101010000001010011110000101000100110010
0100111110100010011101010100000011000000 0100010011111010011101010100000011000000
1011110011011111000001111001010010000011 1011111000001111001101111001010010000011
0110001100111110110010011101001100000011 0110011111011000110010011101001100000011
1111101100101001000110010101010101011110 1111011001010010001100101010101010111110
1110000011111011111111000101000001011101 1110111111110000011111000101000001011101
1111100000111110111011111100111001000001 1111000001111110111011111100111001000001
0100110100000000001111100000111111111101 0100111110000011010000000000111111111101
1110010010011011110101111110001011001011 1110101111110010010011011110001011001011
0011111000001101010001001111011001100111 0011010100010011111000001111011001100111
0111010111000111000100010111011100001010 0111000111010111000100010111011100001010
0100011111110011001110110011000111010111 0100011001111111001110110011000111010111
0100110000010011100110101100001101101110 0100111001100000100110101100001101101110
1011111111010100000111010100000111110111 1011101010000011111111010100000111110111
1010000001010101100011000110101101000001 1010100000010101100011000110101101000001
0010000000100101011101000101010110001010 0010010000000101011101000101010110001010
0010100101111110111110111100100011010011 0010111111011111011110010100100011010011
1001111111001100000001101000011000110110 1001100000001111111001101000011000110110
0101111001011000011111011001010111001011 0101100001111101100101111001010111001011
1110000011111001110010001101010110010101 1110011100000111110010001101010110010101
0011111011001011010100100001111100000111 0011111000001111101100101101010010000111
1100010001011111001000111111101011111011 1100010111110010001000111111101011111011
0000101111110010100101001010101011010000 0000101001011111100101001010101011010000
1111000001111111101100010001101110011000 1111100000111111101100010001101110011000
0101111011000001101111001101101101010010 0101100000110111101111001101101101010010
0101000011111001010101010000111010001111 0101010000111110010101010000111010001111
0011111001001000010000111110000011101101 0011111000001111100100100001000011101101
0001111100000101001110010100000011101001 0001010011100101000000111110000011101001
1001010000001010110100111111011110000001 1001010100000010110100111111011110000001
1011011000000110110011010110100011001100 1011000000110110110011010110100011001100
0011111001101101011011010100111010011011 0011011010110110101001111100111010011011
1010011111010001001011000000000001110011 1010001001111101001011000000000001110011
1101000000101111110101000001111100010011 1101010000001011111101000001111100010011
1101110000001110111001000010101010000110 1101110111000000111001000010101010000110
1000011010000011111000110011000101000101 1000001111100001101000110011000101000101
1100101100000001011000111011111111000110 1100000001011001011000111011111111000110
1101011100111110000011111000010110100011 1101011111000001110011111000010110100011
0101011111101011000000110011000100000000 0101111110101011000000110011000100000000
1000101000101111110000011111111001111000 1000101111110001010000011111111001111000
1111000001111100111100101100011100101010 1111100000111100111100101100011100101010
1000100000000100011010101101111011110001 1000000001000100011010101101111011110001
0110010010011111110010010011000100010000 0110010010011001001001111111000100010000
0110101001000000010011111100000000011000 0110101000000010010011111100000000011000
1010100011111000010010011001110111100110 1010100100011111000010011001110111100110
0100000000100010010111110011010101100011 0100010000000010010111110011010101100011
1101010000001010101110010010001010111100 1101000000101010101110010010001010111100
1001111111100110101011001101100100011100 1001101010110011111111001101100100011100
1101111000000001111100000111100101100100 1101111100000111100000000111100101100100
0110100110101111101101000100100011100001 0110101111101101001101000100100011100001
1111000001111101010011000010000011010000 1111100000111101010011000010000011010000
1010110111111101100111111100111010010111 1010111111101101100111111100111010010111
1010000010111011101100000000100010010000 1010001000001011101110110000000010010000
0001111100000101011001110101000000001101 0001010110011101010000000011111000001101
0001001111101010111111010000110101101010 0001001111010101111111010000110101101010
0111011111111011101000111100001000011001 0111111110111011101000111100001000011001
1001100101000101111110001011101110101011 1001100101111110001010001011101110101011
0011111111111110011100110000100000010010 0011100111111111111100110000100000010010
1101011010001011010010011110010100101011 1101000101101011010010011110010100101011
1011010100001011100010101101000100111111 1011100010101101010000101101000100111111
0000111110000010101001111101001111011101 0000011111000010101001111101001111011101
1000100000001001001101011101011010010100 1000100100000001001101011101011010010100
0000111110000011101010110101101100100010 0000011111000011101010110101101100100010
1110111010100110010011000000010000000011 1110111010100110000000100110010000000011
1100110000101010000000111100101011110000 1100001010100000001111001100101011110000
0110001100011110111100000000010101010011 0110001111011110001100000000010101010011
0011111111001110011011100100010011001100 0011100111111110011011100100010011001100
1010111111010101010000010111100010001010 1010101111110101010000010111100010001010
0111000000111011111100000011100111111011 0111011100000011111100000011100111111011
1110111110001111101001011001001011111101 1110001111101111101001011001001011111101
0000011111000011100001011001000011011011 0000111110000011100001011001000011011011
0010000000010001011111010011001001000011 0010001000000001011111010011001001000011
0011000111111011000101101101101011110111 0011000101100011111101101101101011110111
0111111111100011111011110101110111000111 0111110111111111100011110101110111000111
0101010000001011111100010100001111011010 0101000000101011111100010100001111011010
0001001000000010011110100100101100110010 0001000000010010011110100100101100110010
0101010000001010110001011101100101101111 0101000000101010110001011101100101101111
1001011001010000010011011111000010100011 1001010000010010110011011111000010100011
1110000011111000111111100101100000100011 1110001111111000001111100101100000100011
0110000001111100011111001001011111011101 0110001111100000011111001001011111011101
0100100000001000111111000011001000000001 0100000001001000111111000011001000000001
1001011111010010010000011111100011000100 1001001011111010010000011111100011000100
1000010100101111110010111010101011001011 1000010111111001010010111010101011001011
1111101000001011011011011101011000101000 1111101101000001011011011101011000101000
1111100000111110110001100100111000010100 1111000001111110110001100100111000010100
0101000000101010100111111110011111111000 0101010000001010100111111110011111111000
1011110111111111011001011010110101110110 1011111111101111011001011010110101110110
0011111000001110000100010111000001110001 0011100001000101110000011111000001110001
1001001111110000000100101001001101001010 1001111110000000100100101001001101001010
1001111110010010100110011000010100011011 1001001111110010100110011000010100011011
0001111100000111110010110101111010111000 0001111100101101011111000001111010111000
1000100000111110000101100010111111001010 1000001111100010000101100010111111001010
1000111110001111011101110100001110010010 1000111101110111010001111100001110010010
1101100111000000011100100111100101000001 1101100000001110011100100111100101000001
1111100000111100000100011100111001000011 1111000001111100000100011100111001000011
0010001011110111111111011110101111101101 0010001011111111101111011110101111101101
0101000010010111000011111011111000110010 0101000011111011111000010010111000110010
1001011011111110110011101101100011000011 1001011111110110110011101101100011000011
0010000000001000110000011101000010000011 0010001100000111010000100000000010000011
0000011111000011001101101101000110111100 0000111110000011001101101101000110111100
0110001000001001110000011111000111110000 0110000011111000100000100111000111110000
1101111111011011111100001001011101001001 1101101111111011111100001001011101001001
1100101010001100000111000001010000101111 1100000111001010100011000001010000101111
0010100111100101000001000001000101101010 0010100000101001111001000001000101101010
0011100110000000000100110101110101001010 0011000000000010011100110101110101001010
1101100110111111011010101000100111000010 1101111110110011011010101000100111000010
0000110111011000011101101110000010011111 0000111011011100001101110110000010011111
1010000001000000101010110110011101101111 1010100000010000001010110110011101101111
0011111110110001101100011011111011000111 0011011000111111101100011011111011000111
1110111000000111011001001011001011110111 1110000001110111011001001011001011110111
0101000000101011110001011110011011010100 0101010000001011110001011110011011010100
0110010010000000100010100000111000011010 0110010000000100100010100000111000011010
1010111111010101001101001100100010001100 1010101111110101001101001100100010001100
0010110010110111000001101011001010110111 0010110111000001101011001011001010110111
0011110100101000101100011000001100010110 0011000001111010010100010110001100010110
0001111111111000001100000110000010011110 0001100000111111111100000110000010011110
1110000011111011011000001011101000110111 1110110110000010111000001111101000110111
0110110000001100101011110001101001010111 0110000001101100101011110001101001010111
1010111000000001110001110100001100110011 1010111000111000000001110100001100110011
0001110101101111001001111010010011111001 0001111010010011101011011110010011111001
0110000001101101011101011011011011100011 0110110000001101011101011011011011100011
0100110010000000110010001100010001001100 0100000001100100110010001100010001001100
1100101011100000111110000111010011110100 1100000111110010101110000111010011110100
1011101101010010000001100001111111110111 1011010100100000011000011111111101110111
1101111110111111111110110111101100111100 1101111111111101111110110111101100111100
0011001001011111010010100000011010100001 0011001011111010010010100000011010100001
1001101011111000001010100101010000110111 1001101010111110000010100101010000110111
1000010001110101000111010100010000011110 1000111010100001000111010100010000011110
0011111111011101111010110000101111100011 0011101111111101111010110000101111100011
1000000001000001111100001011010100011001 1000001111100000000100001011010100011001
0001111100000110010111010001100100011110 0001100101110100011111000001100100011110
1000100000000001111100011111100011001101 1000000000011111000100011111100011001101
0010000100111110010110100011010111101101 0010011111001000010110100011010111101101
0100100000001000011101110010011001010011 0100000001001000011101110010011001010011
1100000000001111100001101100000111100010 1100001101100000000001111100000111100010
0101000101111000001111111000101001100011 0101111000001111111000101000101001100011
1011111110101101011011001101110000101011 1011010111111101011011001101110000101011
1010001011110111000001111100011001010011 1010000011111000101111011100011001010011
1011000000000011100000110000010010011001 1011000001001001100000000001110000011001
0011000000000111110000011111110001101111 0011111000001100000000011111110001101111
1111000001111111101101101010011100001101 1111100000111111101101101010011100001101
1101000011111000100100101000101110010110 1101001000011111000100101000101110010110
1100100111111001010111110111101001001101 1100111111001001010111110111101001001101
0010100010101111100100110001001101010111 0010101111100101000100110001001101010111
0010100000010000001010111111111011001110 0010000001010000001010111111111011001110
1001100100000111111001111100100001110010 1001000001111110011001111100100001110010
0100100000001000010100111111111010100010 0100000001001000010100111111111010100010
0100110111110001100100110111100000011100 0100100110111110001100110111100000011100
0010010011111100111011110001111110101111 0010011111100100111011110001111110101111
1010111111111110101000111101111110000011 1010101111111111101000111101111110000011
0100011000001110011111000011010011100101 0100000111001111100011000011010011100101
0001110000000000100000100111000010001100 0001000001110000000000100111000010001100
1010000001010100000111010101010000100110 1010100000010100000111010101010000100110
1101101000001011010011100110001011011100 1101000001011011010011100110001011011100
1110000001101111111111011000000111110110 1110110000001111100000011011111111110110
1000000001000100000011110001100110000110 1000100000000100000011110001100110000110
0001111110100010100011100000100111101011 0001010001111110100011100000100111101011
1100100000110011100000110010001111001101 1100111001000001100000110010001111001101
1000111110000001111101110100101010110100 1000111110111110000001110100101010110100
1100000110000010000011001010111000011000 1100000100000110000011001010111000011000
1000101010010000110110100111000001111101 1000011011010011100010101001000001111101
0010000000000001001001111110001000111110 0010010000000000001001111110001000111110
1111000000111101111101101100011100010111 1111011110000001111101101100011100010111
0110000111110000000110110101000001001011 0110110000111110000000110101000001001011
0000011111000000011000010001010000101111 0000111110000000011000010001010000101111
0001010111001111100000000001110110011010 0001010111110000000000111001110110011010
1101101111111010000110010111111001100100 1101111111011010000110010111111001100100
1011101111100011111001001011001110101111 1011111000111110010010111011001110101111
1110111101000001110011010001110111011001 1110100000111011110011010001110111011001
0110001100101010011000101000100010111011 0110010101001100011000101000100010111011
0101111110101011010010000010110010000101 0101011111101011010010000010110010000101
0111111110011100000001111101001000100010 0111000000011111111001111101001000100010
0100000001001000001111101110001001111110 0100100000001000001111101110001001111110
1100011100000111110001100000000100000100 1100000111110001110001100000000100000100
0100000001001000110101010001110000001110 0100100000001000110101010001110000001110
1101101111111010100101100000010000001000 1101111111011010100101100000010000001000
0001101000111110000010111111111100101111 0001111100000110100010111111111100101111
1100110000000000111110010000111000010110 1100000000001111100110010000111000010110
0010001100010101100000000000011100100000 0010101100000000000011100100011000100000
0001000000001000101000111100000100010100 0001000100000000101000111100000100010100
0011111111110000011110001000000011100011 0011110001000000011111111110000011100011
0010110000011110010100100000110011010011 0010100101100000111100100000110011010011
1010111111010101100010010001110111010110 1010101111110101100010010001110111010110
1100000111110011000110110111100110010000 1100110000011111000110110111100110010000
1111000001110000011000010100010110001001 1111000001100000111000010100010110001001
1110101101000011111110110111001100001100 1110110111010110100001111111001100001100
1101001111110000101001000010100111110000 1101001000010100111111000010100111110000
1110111101100000111111100001011000000111 1110110000011111110111100001011000000111
0101111110000001010100101110110100100010 0101011111100000010100101110110100100010
0010010000000100111010101011111101001010 0010000000100100111010101011111101001010
0011010101001100111010110110010001110001 0011001101010100111010110110010001110001
0101100000010110101011110000110101100101 0101101011000000101011110000110101100101
1001001110001000011110000111011010110011 1001110001000011110000111011010110010011
0111000011000011010101111100000111000010 0111110000011100001100001101010111000010
0010011111010001001110101000011000001101 0010001001111101001110101000011000001101
1010100000010101101001000110011011010100 1010000001010101101001000110011011010100
1010010111110110100100110100100001111101 1010010011010010111110110100100001111101
1001111100000111101011100111101011111011 1001111010111001111100000111101011111011
0100001011110100011001100100001001010011 0100011001100100001011110100001001010011
0101101000101101101100111011100101011110 0101101101100111011100101101000101011110
1010001100001011111111111111010000110011 1010000101111111111111101000110000110011
1101110000101000111110101000001100010101 1101110001111101010000101000001100010101
1010011111000100000001011010001111001100 1010000000101101001111100010001111001100
1010100000010100011011101110011100011011 1010000001010100011011101110011100011011
1110101111110111111011000001111101110011 1110111111010111111011000001111101110011
1110000011111010011001001100111110110000 1110100110010011001111100000111110110000
1001111110010011000110011110011010001000 1001001111110011000110011110011010001000
1000001111111110111111001111010011101011 1000001111010011111111101111110011101011
1010000001010100000100110010011111000101 1010100000010100000100110010011111000101
0101111110101010001100100001001101010100 0101011111101010001100100001001101010100
1110011111011111000100100111110010000011 1110111110011111000100100111110010000011
0011001100100000100110111111101011110101 0011001000001001100110111111101011110101
1010000000000110000011000010111110011110 1010000011000000000011000010111110011110
1110011111000111111111111111000110110010 1110001111111111111110011111000110110010
0110110000001101001001000011011010111111 0110000001101101001001000011011010111111
1001100011011111001101101011000000011111 1001101111100110001101101011000000011111
0011111001111100001110001011110110110100 0011111000011111001110001011110110110100
1110101101011000000101101000101010100100 1110101100000010110101101000101010100100
1100011010111010111111101110000111101010 1100011010111111101011101110000111101010
0101101111111011001111011011011011000000 0101111111011011001111011011011011000000
1010110100000111111011011100111100001011 1010110110100000111111011100111100001011
0001001101101111000001010010101111001011 0001010010011011011110000010101111001011
1100111111101001101001110101000001010011 1100110100111111101001110101000001010011
0011001011110010100001101010010101101111 0011010100101011001011110010100001101111
0100111010011111111010001000111011101010 0100111111110100111010001000111011101010
0001011111110010110010011101100100110000 0001011001011111110010011101100100110000
1011101110000001110110010010001001010100 1011100000011101110110010010001001010100
0101010000001010000111010111011100110010 0101000000101010000111010111011100110010
1110011000000000011111000000100011000001 1110000000000111110011000000100011000001
0110000010101110011010100100110111111110 0110101001001100000101011100110111111110
1001100100000100101111101110010111011111 1001000001001100101111101110010111011111
0100010011111010010111010101101000101100 0100111110100010010111010101101000101100
0101000000000010000010000110110110000011 0101000001000000000010000110110110000011
0001100011111110001100000100011010100110 0001111111000110001100000100011010100110
0110101000000101010111111001111111110110 0110100000010101010111111001111111110110
1010000011110001111100100010011111111101 1010001000001111000111110010011111111101
0011111111000001111100000111100010100110 0011111000001111111100000111100010100110
1001011000110010000111101110010111100100 1001000011110111001011000110010111100100
0011001111111000000011001011011011111110 0011111110000000110011001011011011111110
1110000001110111001001010010101101101101 1110111000000111001001010010101101101101
1110101100010111010101111110011100000101 1110101011111101011000101110011100000101
0000011111000010001110100001101000110010 0000111110000010001110100001101000110010
1011011111110110100111100000100000111110 1011111110110110100111100000100000111110
0000111110000011001111000010000010000111 0000011111000011001111000010000010000111
1000001111100011010100100011111100101100 1000110101001000001111100011111100101100
1101100100000100000110110011110110011001 1101100111101100100000100000110110011001
0101111100000111111010010111001000011110 0101111110100101111100000111001000011110
0101000100110101001110101011000000000010 0101001110101000100110101011000000000010
1001000001001100101011010101101111100100 1001100100000100101011010101101111100100
0010100010101111100100101001010101010110 0010101111100101000100101001010101010110
0110000011111100000100010001000000001000 0110000010000011111100010001000000001000
1110100111111110100111001111111011010000 1110100111010011111111001111111011010000
0111100010010100001001111111001101111101 0111111100110111100010010100001001111101
0011000000001100011010101010111111110010 0011000110000000011010101010111111110010
0011000001001110011101101011100101101101 0011100110000010011101101011100101101101
1110001101111111011011001001101010000010 1110001101101111111011001001101010000010
1101000000101010110001000110100111100100 1101010000001010110001000110100111100100
1010000011111000110111001011000000111000 1010001101110010110000011111000000111000
1011010111111110100111110000111111110101 1011010011111000011111111010111111110101
0101010011001111101100101110011100111101 0101001100111110110010101110011100111101
1101101111111011001000000011110000111111 1101111111011011001000000011110000111111
1001001111110010001000110111100010000101 1001111110010010001000110111100010000101
0111110110001000110001010000011101110000 0111011111011000100011000101000001110000
1110001101100010001001011010000000010101 1110001000110110001001011010000000010101
1101000001101110101101001000000110001001 1101110100000110101101001000000110001001
0111100100100000001000000010010011100100 0111100100000001000000010010010011100100
1100111000001111100010110010101011110000 1100000111110011100010110010101011110000
1111010000000100100011001011010111100011 1111010010000000100011001011010111100011
1011011111110110011100100111110010100100 1011111110110110011100100111110010100100
0010011111101111110000001011111101101101 0010011111100000010111111011111101101101
0111110110100000101101011001101000110011 0111110100000101101101011001101000110011
0110001010111111111000011111011111000010 0110000111110111110001010111111111000010
1001111100000111011101111001011110101010 1001110111110000011101111001011110101010
1010000001010100000101111000101101110010 1010100000010100000101111000101101110010
0100101111100001000001011100111111110000 0100100000101111100001011100111111110000
0110101000000101000010010111001100011100 0110100000010101000010010111001100011100
0011111111000111000111001101110001101000 0011100011111111000111001101110001101000
0001111111111011111000011100010100100000 0001110001111111111011111000010100100000
0000111110000011101101000101011100110110 0000011111000011101101000101011100110110
1100111110000111110111110010110111110110 1100001111101111100111110010110111110110
0001000000100111110000101101011001011010 0001001111100001000000101101011001011010
0110010010101010011110000010101010011011 0110010101010010011110000010101010011011
1000001100000100000011001000001001000011 1000001000001100000011001000001001000011
0001110000000000110000011001111011111010 0001100000111000000000011001111011111010
1110000011111001110001111100101100001010 1110011100000111110001111100101100001010
1001100011001110101110010110011111110011 1001110101110011000110010110011111110011
1001001111101000100001111010100000110111 1001000100111110100001111010100000110111
0100100101111100000111100000111010111110 0100100101111000001111100000111010111110
0110101100010100011001100000000010111110 0110001010001101011001100000000010111110
1011011000000110000001111001001000011100 1011000000110110000001111001001000011100
1111100000111100011000100011101101101111 1111000001111100011000100011101101101111
1110101001001000110100111000001111100101 1110000011111010100100100011010011100101
0111110000001111101111001101100101010100 0111110111110000001111001101100101010100
1111000001111111111101001111111011010110 1111100000111111111101001111111011010110
1001100100000100100001010011010110111100 1001000001001100100001010011010110111100
1010111100000110101000001111001110111000 1010101111000001101000001111001110111000
1010000000101101110101110010000011111000 1010000011111000000010110111010111001000
1011101111111101110111110011110111001010 1011111111011101110111110011110111001010
0100010011111010010101001100011000011110 0100111110100010010101001100011000011110
0011110001111100000110110110010011101011 0011111000001111000110110110010011101011
0011111000001110110101101110000010111011 0011101101011011111000001110000010111011
0010110000011110000101000010011101100001 0010100001011000001111000010011101100001
0011011001101011001110100100111110000100 0011010110011011001110100100111110000100
1111010000000010110100010000001101001100 1111010001000000110100000000101101001100
1001110011011011100011010100110000110111 1001101101110001101010011100110000110111
0101010000001010110000110110011110000010 0101000000101010110000110110011110000010
0001100000111111000001100011001111000101 0001111110000011000001100011001111000101
1110111110001111101001001010000011111101 1110001111101111101001001010000011111101
1110001101000111000001111100011000001000 1110000011111000110100011100011000001000
0110011100010111100011111100011111000000 0110001011110011100011111100011111000000
0000011111000010100010111111110001010111 0000111110000010100010111111110001010111
0101111011000001000000000010110100011101 0101100000100000000001011110110100011101
1011110001101111000100000101110011110111 1011110001000001011110001101110011110111
1001110111100101101100010000101111111100 1001111001011011000100001011101111111100
0100100000001000001110010100010010000101 0100000001001000001110010100010010000101
0110001000000001000110111101000000010011 0110000000010001000110111101000000010011
1011100111000000011100101010111111101010 1011100000001110011100101010111111101010
0010000000010001011111100111111110100100 0010001000000001011111100111111110100100
0011000001101000000010010110101001010101 0011010000000100101100000110101001010101
0000011111000010001110111101001001111110 0000111110000010001110111101001001111110
0101111101111000001000111001001111000010 0101111000001000111110111001001111000010
1000000001000100001100001101111001110001 1000100000000100001100001101111001110001
1000100010010100100011100000000001110011 1000100101001000100011100000000001110011
0010010011111111110000010111100110111000 0010011111111110000010010111100110111000
0110010000011110110101010000011111000000 0110010000011111000001111011010101000000
0110000111110001100110001001110110101101 0110011000011111000110001001110110101101
1011000001010101110101011111000001100001 1011101010110000010101011111000001100001
0010110010111111100100000111100010110100 0010111111100101100100000111100010110100
0001110000010000010011010000101011010011 0001000001110000010011010000101011010011
0001000010111110001011100010001110000011 0001011111000100001011100010001110000011
0100001111111111000101001010011001111110 0100101000011111111110001010011001111110
1010000000100100011100011001100011011001 1010010000000100011100011001100011011001
0100010000000010010110000110011100100000 0100000000100010010110000110011100100000
0100011001100110000110101111000010011100 0100001101011110001100110011000010011100
1001101011111101111110101000000000011101 1001101111110101111110101000000000011101
0100111111010010100100010110111011010011 0100101001111110100100010110111011010011
1011000000110110111101011000100110110111 1011011000000110111101011000100110110111
1000010010100011100101110100010100111100 1000111001011101000010010100010100111100
1100111101101110000011111000010000010110 1100000111110011110110111000010000010110
1100001011100000111110010101111110100110 1100000111110000101110010101111110100110
1111000000011001100110100111000001101100 1111001100000001100110100111000001101100
1110000011111001110110100100011100010011 1110011100000111110110100100011100010011
1001111100011111001011101010000101001001 1001011101010000101001111100011111001001
0011101101101110100101001111011000001101 0011110110000011101101101110100101001101
0010010111111010101111111101101000111001 0010010101111110101111111101101000111001
1000010011001010000111110111110001110101 1000011111011111000010011001010001110101
1000011011011111110110101101010101011011 1000011011111110110110101101010101011011
0000011111000010011000100010101010011111 0000111110000010011000100010101010011111
0110111010000011010111100000111100010011 0110100000110111010111100000111100010011
1001111100001111100000000111100101100010 1001111100000000111110000111100101100010
0000011111000000010101000101000111100100 0000111110000000010101000101000111100100
1100110101000000101001101001001111000110 1100110100110101000000101001001111000110
1100000111110001100011100001110011011100 1100011000001111100011100001110011011100
0100000001001000010111011001001100011111 0100100000001000010111011001001100011111
1001001111110010101001000100000101100001 1001111110010010101001000100000101100001
1010000000100100000011001100010000001111 1010010000000100000011001100010000001111
0010000000010001011000111001001110100000 0010001000000001011000111001001110100000
0100010001101100000001011011000001111001 0100011011000100000001011011000001111001
1010100000010111111010100001000110100101 1010000001011111101010100001000110100101
0010000000100101001101011100101111001000 0010010000000101001101011100101111001000
1001011111101010100011111111010110000111 1001010111111010100011111111010110000111
0110000011111000111010110111100010010001 0110001110101101111000001111100010010001
1001011111001000101000011000101000001011 1001000101111100101000011000101000001011
0110011111101001010010111011011100111011 0110010100111111010010111011011100111011
0101110000011111101111011110001111101000 0101111011100000111111011110001111101000
0011111110011001101001100100000010100010 0011001111111001101001100100000010100010
1000001111100011101000111001110111001000 1000111010000011111000111001110111001000
1010110100010001000101101001011100100010 1010001000100010110101101001011100100010
0010111110010001010000010010100010101110 0010001011111001010000010010100010101110
0000111110000011100010110100110110000011 0000011111000011100010110100110110000011
0001111100000111000010111000110000101011 0001110000111110000010111000110000101011
0011111000000111110011101101100110010011 0011111001111100000011101101100110010011
0001010001010111110000000110011000110001 0001010111110000000101000110011000110001
0110011011111011011001110101011010111100 0110111110110011011001110101011010111100
0111000000111011100101000110000010101000 0111011100000011100101000110000010101000
1011100100111011000110110100100110001110 1011000110111001001110110100100110001110
0001111000001000001100111000111111101101 0001000001111000001100111000111111101101
1100001000000000100001101100011101001110 1100000000010000100001101100011101001110
0100111101011011011011100111110000011110 0100111110000011110101101101101110011110
1101101111111010000110110000101000010001 1101111111011010000110110000101000010001
1101000100101011111001001111000001101001 1101011111001001111000001101000100101001
0101010000111110010111101001010010011011 0101000011111001010111101001010010011011
0010000000000000000010010100100001010011 0010010000000000000000010100100001010011
0101110011011111111111100000100110110101 0101111111111110000010011011100110110101
0000011111000000100010110001101010011000 0000111110000000100010110001101010011000
1000001111100010110100011100000000100100 1000101101000001111100011100000000100100
0010010000011111111110010100001111101000 0010000011111111110010010100001111101000
1101111011111111101100101100111100101001 1101111111110111101100101100111100101001
0010000011011101111011011010000111011011 0010000110111011110110110100000111011011
0110110000001100110011010011011101111101 0110000001101100110011010011011101111101
1001000110111110110111110111110000011001 1001000110111110111110000011011111011001
0011101001100101010000100001001011000010 0011101010011001010000100001001011000010
0100000111110001001110111111000001101101 0100010011101111110000011111000001101101
1000000001110001110000010101110011101011 1000111000000001110000010101110011101011
0011010010111010010110111000001010001010 0011010010110100101110111000001010001010
1100111111111111001100100100011111101110 1100110011111111111100100100011111101110
1110011001111111001100000101100100101101 1110011111110011001100000101100100101101
0100111110111110001110100101101011110111 0100111110001111101110100101101011110111
0100101011111000001111100000001110110000 0100101011111000000011111000001110110000
1101001011011111000001111000000111000100 1101001011011110000001111100000111000100
0010101000000101110111101000011010000000 0010100000010101110111101000011010000000
1101000000101010111001000001001100111010 1101010000001010111001000001001100111010
1001110011000001001001111100101001100010 1001100000100111001001111100101001100010
1100111111100110010111101001101111110100 1100110011111110010111101001101111110100
1010011011001011010011101111001110111000 1010010110100110110011101111001110111000
0000011010001011000001100010010000111101 0000110100010110000001100010010000111101
0101100000001100110100111101111000000111 0101100110000000110100111101111000000111
1111100000111110111100010110111011000101 1111000001111110111100010110111011000101
0101011111101010101010001111111101011000 0101111110101010101010001111111101011000
1011000101100011111101110010000001101011 1011000111111011000101110010000001101011
0101011111111111010101001000001110011111 0101111111111101010101001000001110011111
0010110000001101101111000011001001111100 0010110110000001101111000011001001111100
1010101111110101111011100101110010010001 1010111111010101111011100101110010010001
0101100100001111101010100100000011001000 0101011001000011111010100100000011001000
1000010100101111110010110010010010001101 1000010111111001010010110010010010001101
1001111110010010101001111000000110011111 1001001111110010101001111000000110011111
1010111110000010101010100101110010100000 1010101111100000101010100101110010100000
1010110000010101110100000100010101011111 1010111010110000010100000100010101011111
1000111111000100011010000110001010101000 1000100011111100011010000110001010101000
0101100000010110101000101100111000010101 0101101011000000101000101100111000010101
0111100100000001000111011110011110100000 0111011110010000000100011110011110100000
1001010011101011100110010110100111101110 1001110101110010100110010110100111101110
0001000100000000111011011110000111101111 0001000000001000111011011110000111101111
1010100000010100000111000000001101000000 1010000001010100000111000000001101000000
0100011111110011001100111011011110110110 0100011001111111001100111011011110110110
0001001101100100111111110000011001001011 0001001111111100000110010011011001001011
1001010111111010111111001110101010000110 1001011111101010111111001110101010000110
1100000111110011011011001011100011010011 1100110110110000011111001011100011010011
1110111110001111100001000010000111011000 1110001111101111100001000010000111011000
1100110000000110000010100001001110010010 1100000001100110000010100001001110010010
1000111011101011000001111100001101011001 1000001111100011101110101100001101011001
0000110001111111000101010001000010101001 0000111111100011000101010001000010101001
0110110001111100011000000100000010110100 0110001111100011011000000100000010110100
1101111111101110111010001101110111100101 1101110111111110111010001101110111100101
1000100000000000001000010111010001101001 1000000000000010001000010111010001101001
1010100111001000100110010010000100001110 1010100010011100100110010010000100001110
0111110000000111110011100001101010000111 0111110011111000000011100001101010000111
0001010110001111110111111011000100111010 0001111110111111011000101011000100111010
0111011111111011100001011000110001011000 0111111110111011100001011000110001011000
1110111111110111010111000110110100111011 1110111011111111010111000110110100111011
0100000001001000001011011000111111011010 0100100000001000001011011000111111011010
0101011001000001100111001000100010000011 0101011001110010000011001000100010000011
1001010011101101101010101110010101010011 1001110110110101010111001010010101010011
1001100000111000001101101100011000001000 1001110000011000001101101100011000001000
1010010000001101001011010001001011000011 1010010110100100000011010001001011000011
1100011111101011111101110010100000011101 1100011111101111110101110010100000011101
0011111000001111010010001110111101011010 0011110100100011111000001110111101011010
1111000001111110101010011111110101000000 1111100000111110101010011111110101000000
1110111111111101111100000001011101100001 1110111110111111111100000001011101100001
0101111101001011010100100010000100010100 0101101011111010010100100010000100010100
0100001011111100101001011111011110001101 0100001010010111111001011111011110001101
1111100000111100010100001011001011010111 1111000001111100010100001011001011010111
1010111111010101000011101110101110000001 1010101111110101000011101110101110000001
0101100000111101010110011101010011000001 0101011000001111010110011101010011000001
0101000001011111001110000011001000001001 0101000001000001011111001110000011001001
0110000001010110110000100111001100101100 0110110000001010110000100111001100101100
1111010000001010100101100100001100111001 1111010100000010100101100100001100111001
0001111110001000101110000000010110101101 0001000111111000101110000000010110101101
1110110110000001101011010011110100000111 1110110000001101101011010011110100000111
1011111001101111101010100110110110000001 1011111010101001101111100110110110000001
0100111000000011000000000010011111000001 0100110000000000100111000000011111000001
0001001100101001101111101001111101010101 0001001101111101001100101001111101010101
0101111010010010100111110000011110010000 0101111100000111101001001010011110010000
1001110111000001010101010011101000100110 1001110100010011101110000010101010100110
1011000000010011000110100011011010101010 1011000110000000100110100011011010101010
1011100000110000011111100111000110000111 1011111100111000001100000111000110000111
1010111111110011011100110110000011101000 1010111001101111111100110110000011101000
1101000000110101101101111111111101101010 1101011010000001101101111111111101101010
0110100000111110101010000111000010110000 0110101000001111101010000111000010110000
0111010100101111110100111111000001110101 0111111010011101010010111111000001110101
1001100000111000001100000011010110000001 1001110000011000001100000011010110000001
0110011111111001110010101101111101001111 0110011100111111110010101101111101001111
1101000000101010011001100001010000011011 1101010000001010011001100001010000011011
0010011111111110000010010010111000101101 0010010011111111110000010010111000101101
0000111110000001000001001011010000001011 0000011111000001000001001011010000001011
0101100011001000011111001110000001011101 0101100100001111100011001110000001011101
0101100111100011110001010100011101101111 0101011001111000111100010100011101101111
1001011000000100101010110010111011100110 1001010101100101100000010010111011100110
0111101111111110111100010011101111101110 0111111111011110111100010011101111101110
0110100010000000010000000101110010010011 0110100000000100010000000101110010010011
1100111111110101110100000011110010100000 1100111010000001111111101011110010100000
0001111100000111111100011101001011111100 0001111111000111110000011101001011111100
1100111000001111100110001100101011110100 1100000111110011100110001100101011110100
1100000100011111011011100101100011100101 1100101100000100011111011011100011100101
0110011110101000011100001010110101001000 0110011110100001110000101010110101001000
0101110000001001111100000111100001001001 0101111100000111000000100111100001001001
1110000111110001010100000000101001010010 1110001010100001111100000000101001010010
0010010000000100110101000110010010110001 0010000000100100110101000110010010110001
1101011010111111101011110011010011101110 1101011111110101101011110011010011101110
0110111111101101101110010010111010110000 0110110111111101101110010010111010110000
0100010011101011001000010000100011101010 0100111010110010001000010000100011101010
1010000001010100011111000000001100000001 1010100000010100011111000000001100000001
0100011111010000100101010010001000011111 0100001000111110100101010010001000011111
1001000110111111011010110100000010111010 1001000110101101111110110100000010111010
1010000011000001000111100111100011000011 1010000010000011000111100111100011000011
0110101000000101001000010111000000010000 0110100000010101001000010111000000010000
1101000001000001100001111110011000001111 1101000001100000100001111110011000001111
1100110110011100001101010111011110011000 1100111001101100001101010111011110011000
0001101110100000100001100111100011000010 0001000011011101000001100111100011000010
0100000001010010100000100100111110111111 0100101000000010100000100100111110111111
0100110000011111111110000011101101111011 0100111111111100000110000011101101111011
1000011000001001110000010010101111001000 1000001001110000110000010010101111001000
0110000001101100101101001000001110100011 0110110000001100101101001000001110100011
0111101111000000111101001110001100100100 0111100000011110111101001110001100100100
0101110011111000001110100100001000100100 0101111100000111001110100100001000100100
1010000000010001000011101111011011010010 1010001000000001000011101111011011010010
1001100110101011010001011010101100110001 1001101010110100010110101011001100110001
0110010000111010101011100000111110000001 0110000011111001000011101010101110000001
1010011001010101001000000001000001100100 1010100110010101001000000001000001100100
0101000011010011111001101000011100101100 0101001111100110100001101000011100101100
0100101111111101110110101100011101001110 0100101110111111110110101100011101001110
1111001000100111011111000000000110011101 1111100100010011101111000000000110011101
1111100000111101101111111010101100011011 1111000001111101101111111010101100011011
1001110011010101100100011011001110111011 1001101010110011100100011011001110111011
1101000001101011111001110000110011000110 1101000011001100000110101111100111000110
1101100011111101100010111100110001001111 1101100010110001111110111100110001001111
1111010011100101100101101001110110110101 1111001011001011010011101001110110110101
1010111111010100111111001011111000011011 1010101111110100111111001011111000011011
0011110010001001101010101100000011100011 0011010101011000000111100100010011100011
0101000000000010000010011111011100010110 0101000001000000000010011111011100010110
1101100010011101100000111110010010100010 1101100000111110001001110110010010100010
1101000110011111110011001111010111001001 1101000111111100110011001111010111001001
1000011001010011000001101101010110111010 1000001100101001100001101101010110111010
0000111111111101111100000110101110110100 0000011111111110111110000110101110110100
1010110111110000011011100111010001101111 1010111110000011011011100111010001101111
1111100000111101101001000011100001011010 1111000001111101101001000011100001011010
0001101010111111010101101110000000101001 0001101010110101011111101110000000101001
1000010111111010101110101111110110101110 1000010101111110101110101111110110101110
0010111111111110010100101101100110000101 0010100101111111111100101101100110000101
0111111111011110111111101111101010000000 0111101111111110111111101111101010000000
1110111110011111000010101001011100111101 1110011111011111000010101001011100111101
1100000111110000010011111000101110011100 1100000100111110000011111000101110011100
0101100000010110101000110110101000011100 0101101011000000101000110110101000011100
1101110111111110111101100011110011110000 1101111111101110111101100011110011110000
0101001001111110011001110111101011111001 0101001111110010011001110111101011111001
1010100000010100100101010000001000001111 1010000001010100100101010000001000001111
1000010000000000110100110101000000101010 1000000000011010011010100001000000101010
0010001100110001001101100100010010011100 0010011011001000110011000100010010011100
0001001100000000111110000011111011110001 0001111100000100110000000011111011110001
1000101000011011100111111101110011100111 1000101000011111110111001101110011100111
0010010101001000011101111010011010110010 0010101001001000011101111010011010110010
1101011001101010100101000100111000100110 1101010110011010100101000100111000100110
1111010101111110101000111000101101000011 1111101010111110101000111000101101000011
0010101000000101110100001110110111010111 0010100000010101110100001110110111010111
1111010100100000010111000001111001001101 1111000001111010100100000010111001001101
1101110100101110100011110101001100101110 1101001011101110100011110101001100101110
1010011111100100111101110111111110110101 1010010011111100111101110111111110110101
1101101111111010000001000101001110001101 1101111111011010000001000101001110001101
1010001111100001111001001111001000010001 1010011110010001111100001111001000010001
1101101111000001110111001000100000011001 1101111000001110110111001000100000011001
1011000010000001110100001010010101011111 1011000000111010000100001010010101011111
1101011111101100110111010011100110111001 1101100110101111110111010011100110111001
0010010000000101010100000101101010111011 0010000000100101010100000101101010111011
1110000000111110111110101100001111011000 1110111110000000111110101100001111011000
0110011111001111101111100000000101011001 0110011111011111001111100000000101011001
0111101100101001100100001011101100010001 0111101110110010100110010000101100010001
0111110010010000000101011100000010101011 0111110010000000100101011100000010101011
1100000111111111100110111011100000100001 1100110111011100000111111111100000100001
0111011000001011101111110111111010110100 0111011101100000101111110111111010110100
0101111111011011011011111011001000111001 0101101111111011011011111011001000111001
0001110100010110110100000111001101101110 0001011011010000011101000111001101101110
1011111110110110110010001010110011001110 1011011111110110110010001010110011001110
0110111101000001110101000111100001010000 0110100000111011110101000111100001010000
0100000001001001111110110010100100111101 0100100000001001111110110010100100111101
1100111111110111100101101100110101000101 1100101101100111111110111100110101000101
0101000111110001010111010111110010011100 0101010001111100010111010111110010011100
1010110011010101110100011101010100010111 1010101100110101110100011101010100010111
0111110011111000011101001000100010100000 0111110000111110011101001000100010100000
1010110000011011110111110001010000110111 1010111101100000110111110001010000110111
1010000001010101000001111010011111001101 1010100000010101000001111010011111001101
1000000000001000001111101000111111110101 1000001111101000000000001000111111110101
1110011111011111000001110000011111010001 1110111110011111000001110000011111010001
0111101101101111011000001101110010100100 0111101100000110111101101101110010100100
1101100000011011011110101000001110101001 1101101100000011011110101000001110101001
1010101101100100010111011100110101010001 1010110110010001011101110011010101010001
0011101000000101010001000010001001100001 0011101010000001010001000010001001100001
0010110111001011111110111001000110011010 0010111111101110010110111001000110011010
1010000011111010111111010011100011110001 1010111111010000011111010011100011110001
0000111110000001001110011011000110001110 0000011111000001001110011011000110001110
1011111111110111110111010011010101011011 1011111011111111110111010011010101011011
0111010101100100111110000011111110101000 0111110000011101010110010011111110101000
0001110010010010011111000001110011001011 0001111100000111001001001001110011001011
0011111000001111100101010010010101100101 0011110000011111100101010010010101100101
0001111110001000101001111110000001011011 0001000111111000101001111110000001011011
0100111110111000001100001110101101111100 0100110000111110111000001110101101111100
1000111110010111111111100101111011001000 1000111111111100101111100101111011001000
0110011011111011001101100100000001111101 0110111110110011001101100100000001111101
1001110011010110011101101001001011110001 1001101011001110011101101001001011110001
0010011100101111101110010110110101011000 0010111110111001001110010110110101011000
0111110110001100111110000011101100010001 0111110000011111011000110011101100010001
1010000011111111110000111110000011101011 1010000111110000011111111110000011101011
0001000001100000100001101001110000010101 0001100000100000100001101001110000010101
1010000001010100000101111111111110011011 1010100000010100000101111111111110011011
1111000000111101111100001001011101011011 1111011110000001111100001001011101011011
0100000110110011001101000111110011000101 0100011111001100000110110011001101000101
1100010101010110000000000111110000110111 1100000000001111100010101010110000110111
1100011100010100011100110000011100100011 1100010100011100011100110000011100100011
1111000001100100110101110111110000001101 1111100000110010011010111011110000001101
0010111111010101110001101010001101010111 0010101111110101110001101010001101010111
0111000001111000001110001001110111001010 0111100000111000001110001001110111001010
1110111110011111001101101111111111111100 1110011111011111001101101111111111111100
0011111000001100100000110101111111001010 0011001000001111100000110101111111001010
1001111110010011100010000101001110100110 1001001111110011100010000101001110100110
1111100001100011011000111010011110000011 1111000011000110110001110100111110000011
1000000001010001111110100010010001011011 1000111111010000000010100010010001011011
0000111110000011001110101111000010000010 0000011111000011001110101111000010000010
0111100110000000110001000000001011000001 0111100000001100110001000000001011000001
1010110000011110100000100110100101110001 1010000010011010110000011110100101110001
0101111110101111110111110110011111110100 0101111110111111010111110110011111110100
1000110100100111111010001110101011011011 1000111111010001101001001110101011011011
1110000011111011011000000110110110000111 1110000001101101100000111110110110000111
0001000100000000101011101011101100001001 0001000000001000101011101011101100001001
1000110011000010111111010101010101011111 1000110011000010101111110101010101011111
1011110111000001011101110100110101011011 1011100000101111011101110100110101011011
0100011111000001111110110100110110011111 0100011111101101001111100000110110011111
1000001000001111110001101000000111100011 1000001111110000010001101000000111100011
0110110111111101100101110110011001010100 0110111111101101100101110110011001010100
0010101111000001111111101101100100011010 0010101101111000001111111101100100011010
1000000111110101011010100010010010000110 1000100100100000011111010101101010000110
0001100011111110001110101100101001110101 0001111111000110001110101100101001110101
0110011111000011011000000000010001110100 0110110011111000011000000000010001110100
1100111110001111100101111000100011101000 1100011111001111100101111000100011101000
1010000001010100110001011101110110001111 1010100000010100110001011101110110001111
0110011111111011101111010101001011101101 0110011101111111101111010101001011101101
1111000001111100011010001110010111010011 1111100000111100011010001110010111010011
0101011000001111100111111011110000010011 0101011001111110111100000111110000010011
0000110011111000111000001001010001101011 0000011001111100011100001001010001101011
1101111111011011100010111100000000100100 1101101111111011100010111100000000100100
1100010100110111011010111011011000010010 1100010010100110111011010111011011000010
1000001111100010010100110110110001111001 1000100101001101101100000111110001111001
1101110100101110101100001010100000011101 1101001011101110101100001010100000011101
1111100011001000110011111100010000001100 1111000110010001100111111100010000001100
1101000000101010111101100111000100011000 1101010000001010111101100111000100011000
0101011111101011110010000101101101101000 0101111110101011110010000101101101101000
0001011110101110010000000010001111101110 0001000101111010111001000000001111101110
0111100101011111011101000101011110111110 0111110111100101011101000101011110111110
0110000000001000010000010001000000001001 0110000100000000010000010001000000001001
0000100011111100010010111001001011110111 0000111111000100010010111001001011110111
0010111110000111110000000111101100001010 0010111110000000111110000111101100001010
0110011111000001100110100000111101001110 0110011001111100000110100000111101001110
0001000001100000101000001110011110000111 0001100000100000101000001110011110000111
1001010110101001010110011101001110001110 1001010110010101101010011101001110001110
1101011011100111001011010010010111111101 1101110011100101101011010010010111111101
0100111111111001111001111100100011000110 0100111100111111111001111100100011000110
0011111000001101100001111111100101111000 0011011000011111000001111111100101111000
0101100010110111110010100000110000011110 0101101111100101100010100000110000011110
0001111111111000001000101110010111100010 0001000111111111100000101110010111100010
1101100000111110001001000011010001001010 1101100010010000011111000011010001001010
0110010100110001101001000001100000110010 0110001100101001101001000001100000110010
0100100000001000111100010101100110001001 0100000001001000111100010101100110001001
0110111110101100101101110011111011110010 0110010110111110101101110011111011110010
0010001011111001010110100001111011110110 0010111110010001010110100001111011110110
1101110100000110101011101011100111010010 1101000001101110101011101011100111010010
0101010000001010111101000010100010111100 0101000000101010111101000010100010111100
1100110100110111111001110110100010000111 1100110111111001101001110110100010000111
1110010011111000001001001000101000010010 1110011111000001001001001000101000010010
1010001100000111110110110110010110101101 1010001101100000111110110110010110101101
1010111111010100000110100011010000110110 1010101111110100000110100011010000110110
0110000111000011010100111111010000001101 0110101001111110100000011000011100001101
0001110001111100000101001111110000001101 0001111100000111000101001111110000001101
1110001100110011011011111110001110011111 1110001110001100110011011011111110011111
1111000000111011100000010100110011100011 1111011100000011100000010100110011100011
1100110111111011010110101010010111010100 1100110101101111110110101010010111010100
0110000110000011111001000010111100111110 0110000011111000011001000010111100111110
0101000100000000100100010100001110000011 0101000000001000100100010100001110000011
0011001011001010000001000011111000000001 0011001010000001000011111001011000000001
1110010111110111000110110110101000101110 1110111001011111000110110110101000101110
1010100000010101011011111011110001110100 1010000001010101011011111011110001110100
0111001000110011101100010101000110101110 0111011000101010001101011100100011001110
0110000001001101011111011000111011100001 0110101111101100000010011000111011100001
1100111011000001111100001001010100111101 1100000111110011101100001001010100111101
1111100000111101000000101011110110111110 1111000001111101000000101011110110111110
0010111001111111100111111101111100011101 0010111111110011100111111101111100011101
0101100000111110011000111110111000100001 0101100110000011111000111110111000100001
0011101000101111001011000111001100010101 0011100111010001011110010110001100010101
1110010000010101000000111111100111010100 1110011100100000101010000001111111010100
0011110001111100100000110010000010001101 0011111001000001111000110010000010001101
1001111111111001111100101110110001001110 1001111100111111111100101110110001001110
0001110110011101111100100101000000101001 0001110111011001111100100101000000101001
0001000001111000001100110101100101110100 0001111000001000001100110101100101110100
0001001100111111100100000111111111111111 0001001111111001100100000111111111111111
1001001000001111100111000100010001101111 1001000001111100100111000100010001101111
0000111100100010110111001110001000011000 0000101101110011100011110010001000011000
0111110000011110101111011011001111010010 0111101011111000001111011011001111010010
0000111110000010111000101001100100000110 0000011111000010111000101001100100000110
0001001100000101110111111110111101101001 0001001100000101111111101110111101101001
1100000000100010000111010101111111001110 1100010000000010000111010101111111001110
1100111111011111101001101101100000101111 1100111111010011011011000001011111101111
1001111101101110000011011011110100000001 1001110000011011011111011011110100000001
0100011111001000001001101111011101001111 0100000100011111001001101111011101001111
1110000011111111110111100100000000111100 1110111100000111111111100100000000111100
0100011011111110110111101000101010111111 0100011011011111110111101000101010111111
0010100101100000101110011101111000001000 0010110000010100101110011101111000001000
1011011111110110101000100110011110010111 1011111110110110101000100110011110010111
1101000001111111011101100001010001101010 1101110100000111111101100001010001101010
0001001000111110000000000100100010010100 0001111100000000001001000100100010010100
0101100000000010000100010011111010100110 0101100001000000000100010011111010100110
0111000001100000111110011100111010101011 0111110011100000110000011100111010101011
1011011111111110000011011000101101001111 1011111111110000011011011000101101001111
0110000101010010001111111111001000011010 0110001111111111001000010101001000011010
0111000001100001111101110010000111101101 0111110111000001100001110010000111101101
1111101001011111110111110010101001011101 1111010010111111110111110010101001011101
1101010000001010000110000100100101010011 1101000000101010000110000100100101010011
1111101001001011111101001111010001111001 1111010010010111111101001111010001111001
0011110110010000101010101100110110111111 0011111011001000010101010110011011011111
0111110000011101011000110000000011101010 0111010110001100000000111110000011101010
0001000111111000111010110010001011010011 0001111110001000111010110010001011010011
1101111111101110101111001011101110101000 1101110111111110101111001011101110101000
0010111111001010010010101110011000110100 0010100101111110010010101110011000110100
1011011111110110011001000010100011101110 1011111110110110011001000010100011101110
