0100100111110000010010000010010100111100 0100111110000010010010000010010100111100
1011100100000001110111000100111111010101 1011101110010000000111000100111111010101
0111111100100100011110000010000011110011 0111100000100000111111100100100011110011
1110110111111111000001111101100111010001 1110000011111011011111111101100111010001
1100011100000111110001000100010010101111 1100000111110001110001000100010010101111
0010101111110101100001110000000101110100 0010111111010101100001110000000101110100
0001001110111110000001001110111110100000 0001001110111110100111011111000000100000
1011010000010110111101010011000001001010 1011011010000010111101010011000001001010
0010000000010100011111101001100110111011 0010001111110100000000101001100110111011
1101100000011011010100001001001101010100 1101101100000011010100001001001101010100
1111000000000011111010101110000111101111 1111100000000001111010101110000111101111
1000001111100001110010010000101100101110 1000011100100100000111110000101100101110
0101101111111111110110011000110101101111 0101111111111110110110011000110101101111
0111010001011111000001110110101101001100 0111110000011101000101110110101101001100
1100000111110011000111000111010101011111 1100110000011111000111000111010101011111
1011101010111000000101011000001110100001 1011100000010101110101011000001110100001
1000001100000100011100011101011111010001 1000001000001100011100011101011111010001
0001010110011100100001000001000011110110 0001000001010110011100100001000011110110
1110011010010001001001111000001111100010 1110000011111001101001000100100111100010
0110110000011111011011111111100010110000 0110000011111011011011111111100010110000
1001001000000010000000100100101000101011 1001000000010000000100100100101000101011
1000001100000111000001100000000111001100 1000001110000011000001100000000111001100
1100011000100000110100101110011100110110 1100010000011010010111000110011100110110
0110110001111000001111111111000011100001 0110110000011111111110001111000011100001
0001011101010010100000000111110000010101 0001111100000101110101001010000000010101
0001110110010000000011111000001001101101 0001111100000111011001000000001001101101
1001111100000110001110001010101100001111 1001100011111000001110001010101100001111
0110000011111000011101001000101010100101 0110000111010010000011111000101010100101
1000001111100000001111101100010111100111 1000000011111011000001111100010111100111
1100101111001010000011100101001110001010 1100101000001110010111100101001110001010
0010111110010001000111100100011010101000 0010001011111001000111100100011010101000
0100111110001000001000101110000000101010 0100000100111110001000101110000000101010
0100010000110111000011100101100110101010 0100001101110001000011100101100110101010
0101111110101011000001110101000001101101 0101011111101011000001110101000001101101
1101101011111101010110101001110110110001 1101011111101101010110101001110110110001
0011001101110100001101010100111101001101 0011011101000011001101010100111101001101
0101111110101011111101110101101100111000 0101011111101011111101110101101100111000
1110010000001000001001011001010010000001 1110010110010000001000001001010010000001
0101111110101011110000110000100010001110 0101011111101011110000110000100010001110
0001010110100101011001001011101001110111 0001010110010101101001001011101001110111
0101010000001011111000011001111010000011 0101000000101011111000011001111010000011
0100000111110010010000010010010100010100 0100100000111110010000010010010100010100
1110110001100000000110010101100001100001 1110110000000011000110010101100001100001
1011010110100001111100110011001001001111 1011010000111110011010110011001001001111
1000110000011111000110011001101110101110 1000001111100011000110011001101110101110
1100100011100000111110011000110111011111 1100000111110010001110011000110111011111
0011000001111110000011111000000011010001 0011111100000110000011111000000011010001
0011100110101011001111000100110001110000 0011010101100111001111000100110001110000
0101111000011001111100000111100110110011 0101111100000111100001100111100110110011
1010000001010100111110110010111110101110 1010100000010100111110110010111110101110
0001111100000111100111000111100111110100 0001111001110001111100000111100111110100
0101011111101011000010001101111101011111 0101111110101011000010001101111101011111
1100010010000000101010111100100111011101 1100010000000100101010111100100111011101
0010101011100100000111100000101010000100 0010000011110000010101011100101010000100
1011011100100001111111111000100100110101 1011011100100100001111111111000100110101
1110000010100001000101111000001111101010 1110000011111000001010000100010111101010
1000111001010110100000111110000111001001 1000001111100011100101011010000111001001
1000110000000111110110000010110110010111 1000000011111011000110000010110110010111
0111110011111011111001010101001011000101 0111110111110011111001010101001011000101
0111110110001100101110000001011111000001 0111000000101111101100011001011111000001
0111011111111011101001110111111111110010 0111111110111011101001110111111111110010
1101001011111100101001010111110011001100 1101001010010111111001010111110011001100
0001000100110111110111011111111100000111 0001001101111101110111111111000001000111
0011001011001111100000110100110011000010 0011111000001100101100110100110011000010
0110100110000001001100000101111011001001 0110000001001101001100000101111011001001
1100100111110000000100001011011110101010 1100100001001111100000001011011110101010
1111000000000011111010011011111100110110 1111100000000001111010011011111100110110
0011111000001110010001001010101111110101 0011100100010010101011111000001111110101
0100000111000000011010110011000011110000 0100000001101011001100000111000011110000
0111001110000000111100011011101001110000 0111000000011100111100011011101001110000
1110011111110011001101011011001000110000 1110011001111111001101011011001000110000
1111011100000011100111001011010110011000 1111000000111011100111001011010110011000
1001000001001100111000010010100100010011 1001100100000100111000010010100100010011
1110100000101101101101111001010110101000 1110110100000101101101111001010110101000
1011010010011111001101001000011001000100 1011010010000110100100111110011001000100
0110101000000101010000010010001110011000 0110100000010101010000010010001110011000
1010000000000010101011111001101000111100 1010100000000000101011111001101000111100
0110000011111001001000111111010111000000 0110010010001111110101110000011111000000
0000101101000000111001001100111110000010 0000010110100000111001001100111110000010
1010000011011111001100011111001111101101 1010000011000110111110011111001111101101
0100101111110101011110011110111010101101 0100101011111101011110011110111010101101
1111000001111111000111011000100100110111 1111100000111111000111011000100100110111
1101000000001111101111100001100000111011 1101111100001100000111010000000011111011
1111010010111110000011000111101100101100 1111101001011110000011000111101100101100
1000011111000001001001111101011110010010 1000001111100001001001111101011110010010
0101101111111011111111110000000010100111 0101111111011011111111110000000010100111
0011100001011111001000000101000001101001 0011100000010100001011111001000001101001
0000111110000010100000110101001110101101 0000011111000010100000110101001110101101
0011001000000100110111101100000000101110 0011011110110010000001001100000000101110
1101011001101010100000111110101110000010 1101010100000111110101100110101110000010
1011010101110101011110011010010101011110 1011101010110101011110011010010101011110
1011010100110010011111110010010010000100 1011010100111111100100110010010010000100
0111100100010011110001011000010010100101 0111100010110010001001111000010010100101
0000111001000100110101000111001000011010 0000100110101000111001000111001000011010
1111100010111000101000001100000101000010 1111100010100000110001011100000101000010
1010101111110101110110101010101111101101 1010111111010101110110101010101111101101
1110111101000001110010110000111100011001 1110100000111011110010110000111100011001
1001111110110111010010001110000101111000 1001110100100011111101101110000101111000
0010000000010001000100101001001001001010 0010001000000001000100101001001001001010
0100000001001001100101101100001010010011 0100100000001001100101101100001010010011
1001000000010010011010111100110000001000 1001001000000010011010111100110000001000
0011101101101110010100011111000001110110 0011111000001110110110111001010001110110
0011000000011001100101010100010010100100 0011001100000001100101010100010010100100
0111111010101110100111011011100001110111 0111010011111101010111011011100001110111
1000000001000100001001001111101111010011 1000100000000100001001001111101111010011
0011100010110111010011111000001101100001 0011111000001110001011011101001101100001
1001010111111010101011111010011010111011 1001011111101010101011111010011010111011
1010010011100100011101010100110010111100 1010100100111001000111010100110010111100
0101010000000000010101000011000111001100 0101000000000001010101000011000111001100
1100000000001111100010001001110100010100 1100010000000000111110001001110100010100
1000001111100011000101001011100000000000 1000110000011111000101001011100000000000
1101000000101010110100010101100011111000 1101010000001010110100010101100011111000
0110011101110011001010110001110100110010 0110010101100111011100110001110100110010
1110101010101101110000011111010100011101 1110000011111010101010110111010100011101
0001110011111111001111011111111101100100 0001111111100111001111011111111101100100
1111011001110101001000000010000000001000 1111011001110101000000010010000000001000
0001011001110100010010011001000000001000 0001001001100100000000101100111010001000
0111001101000000111111110011010111001111 0111111110011010111001101000000111001111
0010101111100000101101101111101101111010 0010111110000010101101101111101101111010
1010010111111101101110111000111011100111 1010010110111111101110111000111011100111
1100111110100101111111111101011111110001 1100111111111110101111101001011111110001
0111110111110001111111001001100000010100 0111110001111101111111001001100000010100
1101000000101010111110111110001010111110 1101010000001010111110111110001010111110
0001100100001101111101000011000110111011 0001101111101000011001000011000110111011
0001111000001000001001101100101001100001 0001000001111000001001101100101001100001
1000001001101011111110011000000101010001 1000000101010000010011010111111100110001
0111010000101110101111001111100100011001 0111010111010000101111001111100100011001
0101011111101011011000011111100100011110 0101111110101011011000011111100100011110
1100000111110000001010101111000100111011 1100000010101011110000011111000100111011
1010000000100101111101000010010011011111 1010010111110100000001000010010011011111
1111100000111100011010101101010101111011 1111000001111100011010101101010101111011
1100000100000111100111010100111101011001 1100111010100111101011000001000001111001
1011101111111101111100111110010010010111 1011111111011101111100111110010010010111
0101111100000101011000010010111010001110 0101011111000001011000010010111010001110
0001000100000000110001000001000001010010 0001000000001000110001000001000001010010
1000001111100001110110010111111100010110 1000011101100101111111000001111100010110
0000111111111100000011111011010111001011 0000011111111110000011111011010111001011
1011110111001110111101111110101010101010 1011100111011110111101111110101010101010
1110110111110001001001000011011000001101 1110111110001001001000011011011000001101
0101100000101110111101101000110110001000 0101110110000010111101101000110110001000
1101001100101010010100011111000011011111 1101010011001010010100011111000011011111
0101111110111100000110101111001000111100 0101111000001101011111101111001000111100
1110000011111010011011101010010010111100 1110100110111000001111101010010010111100
1001000000010010100010111110111000110000 1001001000000010100010111110111000110000
0110101001011011111001111100001110000100 0110101001011011111000011111001110000100
1010110011010100011000001101001100101001 1010101100110100011000001101001100101001
0011111000001110001000001110100011001110 0011100010000011111000001110100011001110
0011111110011001110001111111010011110011 0011001111111001110001111111010011110011
1010010000000100001101001101100000000100 1010000000100100001101001101100000000100
0001011101100000101011111010101011010100 0001010111011000001011111010101011010100
1110100000010101000110010101011111111010 1110101000000101000110010101011111111010
0011111000001111000100111001011010000001 0011110001001111100000111001011010000001
1101110111111110100111111110100101000100 1101111111101110100111111110100101000100
1100110100111111101001001110011110100000 1100111111101001101001001110011110100000
0100101111100001000001010110001011110000 0100100000101111100001010110001011110000
1100110100111111101001000000101100100001 1100111111101001101001000000101100100001
0110100100000001011111010111011101101000 0110101110100100000001011111011101101000
0111011100000011100101010100010100100000 0111000000111011100101010100010100100000
1001111110010011100001001001101000110100 1001001111110011100001001001101000110100
0011111000001110111010111111000010101001 0011101111100000111010111111000010101001
0001111100000101110001100011100011111100 0001011100011111000001100011100011111100
0001000011111100001000111101011111110001 0001111110000100001000111101011111110001
1011111110110100000101110111110000001111 1011010000010111111101110111110000001111
0110100101110111010001001010101110000110 0110111010010111010001001010101110000110
1010001111100001001001001110111000111010 1010010001111100001001001110111000111010
1010110100000010101100001111011010001011 1010000001010110101100001111011010001011
0101110010000000110010011000010001100110 0101110010011001000000011000010001100110
0011010111100100000001001000001010000000 0011010111100100100000001000001010000000
1110101011111101011011001110000011100011 1110101101100111010101111110000011100011
1001001111110010010111110111001010101000 1001111110010010010111110111001010101000
0000111110000011110011001000000001000100 0000011111000011110011001000000001000100
1101010000000001000010000100000001101111 1101010000100000000010000100000001101111
1001110010101110011111111101011101001000 1001010111001110011111111101011101001000
1111100100110001110010011000111100111111 1111001001100011100100110001111100111111
0000011111000010110111110011111000111101 0000111110000010110111110011111000111101
0101101100111110000110100100111001100010 0101100111110000110110100100111001100010
1000001101011111001010001010101001010100 1000001101000101011111001010101001010100
0010111110010001000001001001000110001000 0010001011111001000001001001000110001000
1111101010000001010001010000010010011100 1111101000000101010001010000010010011100
1001100111111100101111011010100001011000 1001111111001100101111011010100001011000
1000001001011001010000100010011010111011 1000010000010010110010100010011010111011
0010000111110000100010100001010101111000 0010001000011111000010100001010101111000
1001101000111111101000111101010010100000 1001111111010001101000111101010010100000
1010111111010101010111000111010110100011 1010101111110101010111000111010110100011
1100101010101101100000111110000010010011 1100000111110010101010110110000010010011
1101101000000001011110001111100111110000 1101101000111110011111000000001011110000
1000101100000110101111111110101010110111 1000101111111110101100000110101010110111
0010010011111000001010000101001001111010 0010011111000001001010000101001001111010
0110111101000110100101101100100100010110 0110100101101111010001101100100100010110
1101111111011010111011000001000101100111 1101101111111010111011000001000101100111
1110011110100000000000101010000010100010 1110011110101000000000001010000010100010
1100101110110000011111000011010010101001 1100000111110010111011000011010010101001
0000100011111100010011101011001010011110 0000111111000100010011101011001010011110
0100000101111110101010011010110011011010 0100000101011111101010011010110011011010
0011010111101010001111100000111101010011 0011111000001101011110101000111101010011
1000111111111011110111100001101110110010 1000111101111111110111100001101110110010
0110011011111011001100010000101000011110 0110111110110011001100010000101000011110
1110010111111010101000011010011000010111 1110010101111110101000011010011000010111
1100000111110000111011110111010001010111 1100001110111101110100000111110001010111
1001000001001100111010100100011110110001 1001100100000100111010100100011110110001
1010100000111110100000001001111000011000 1010000011111010100000001001111000011000
0001111100000110010010001011101000010101 0001100100100011111000001011101000010101
0100111111001001100110011011010111001011 0100100111111001100110011011010111001011
0101000010011111001111100000100110110111 0101001111100111110000010000100110110111
0110101101110001011101001101001010111010 0110111000101110100110101101001010111010
1100000111110010100100001110001000010010 1100101001000011100000111110001000010010
0100000001001000101001101010101110000011 0100100000001000101001101010101110000011
0010011101111110011101001110001011101011 0010011101001110111111001110001011101011
0101100100111111010000011110100111110010 0101100111111010000011110100100111110010
1110110011111000001001001000100000001010 1110110010011111000001001000100000001010
1010111111110101110101001010111000011101 1010111010111111110101001010111000011101
0011000000001100011101111010011101001111 0011000110000000011101111010011101001111
0110111111101101101100111000010001010001 0110110111111101101100111000010001010001
0010001110000000011100001111000000001100 0010000000011100011100001111000000001100
0010111111111100000111111000111011100101 0010111111000111111111100000111011100101
1111011110100010111100100011000110001011 1111010001011110111100100011000110001011
0001111110000010000010010010001101111100 0001000001111110000010010010001101111100
0011100101111010101001101001010100011000 0011010010101000111001011110101010011000
1011101010111101010111000111011001000010 1011110101011101010111000111011001000010
1011010000010110110000010011100100111110 1011011010000010110000010011100100111110
0011011111110110110100101110101111101011 0011011011111110110100101110101111101011
0110100000100110000010011010001011101111 0110000010011010000010011010001011101111
1011011111000000110011000001001001010100 1011001101111100000011000001001001010100
1010111100000110101011001101010110000111 1010101111000001101011001101010110000111
1100000111110001000011101110011011001001 1100010000111011100000111110011011001001
1011000000110110111100100100011111001110 1011011000000110111100100100011111001110
0101111101011111010010100010001110001001 0101111101001011111010100010001110001001
0110000010000010111100000111110010100010 0110000011111000001000001011110010100010
0000111111101001101001101011101110111011 0000110100111111101001101011101110111011
1011101111000001111011101011111001110000 1011110000011110111011101011111001110000
0011111000001111011010101110000001101010 0011110110101011100000011111000001101010
1101101111111010111001001100101011110111 1101111111011010111001001100101011110111
1101101111111011101000010110110111111011 1101111111011011101000010110110111111011
0101101000001101110100000011101000000010 0101101110100000110100000011101000000010
0000011111000010001101111011100110010100 0000111110000010001101111011100110010100
1001101010010111101000001111100000111000 1001111100000110101001011110100000111000
1000001000001111111000010101001111011000 1000001111111000001000010101001111011000
0110100000000010000100011100000010100011 0110100001000000000100011100000010100011
1000110011111111011010110101001110011111 1000111111110110101101010011001110011111
0001100011111110001100110000101101111001 0001111111000110001100110000101101111001
1001111110010010111010010001000000100001 1001001111110010111010010001000000100001
0100000000110110110001001100100000111101 0100110010000000011011011000100000111101
1011100110000000110011000000000010000010 1011100000001100110011000000000010000010
0010111111000010100001001000111110111100 0010100001011111100001001000111110111100
0010100010100111001110010111100000101101 0010100111001110010100010111100000101101
0011111000000111000101100101011010110111 0011100010110010101101011011111000000111
0010000000100101110111011001110111011110 0010010000000101110111011001110111011110
0100111001001100000101100000111010000000 0100110000010110000011101001110010000000
1100111111100110001011010111110101110001 1100110011111110001011010111110101110001
0011000000011001100100110010100100001000 0011001100000001100100110010100100001000
0001100000100000100110000010010101010011 0001000001100000100110000010010101010011
0101011000011100001000001100010011111100 0101011000010000011000011100010011111100
1011000000000111011000011101101110110101 1011000011101100000000011101101110110101
0011000000110110010100101011000101110110 0011011000000110010100101011000101110110
1011111110110110100101111110111000001110 1011011111110110100101111110111000001110
0100100000001000111010001001100000101010 0100000001001000111010001001100000101010
0101001110000011110111010011011101010000 0101001101110100111000001111011101010000
1001001111110010110100100000101100001100 1001111110010010110100100000101100001100
0101011111101010100101001100101000000010 0101111110101010100101001100101000000010
0000111110000011001101101011011100100010 0000011111000011001101101011011100100010
0010001100110000000111001111011101101010 0010001100000001100111001111011101101010
1100110110010101001100010010110010001001 1100101010011001101100010010110010001001
1010111110110100110101110010011110110011 1010011010111110110101110010011110110011
0011111101010111111010111000010010100101 0011111101011111101010111000010010100101
0011000011011111110100001001000001111010 0011011111110100001001000001100001111010
0000011111000010111001110000111100011110 0000111110000010111001110000111100011110
1111101101011011111000101110110000101011 1111011010110111111000101110110000101011
1101110001000000011000100110001111100110 1101110001001100010000000110001111100110
0101000000101010101000111111100100100000 0101010000001010101000111111100100100000
1101101000001111110110100000011100111011 1101000001111110110110100000011100111011
1001110100111110001111100111111100010101 1001111100011111001110100111111100010101
1101110100000110111001001010111001101011 1101000001101110111001001010111001101011
1110011110000011111010000000110101111100 1110000011111001111010000000110101111100
1011010001111110001000001110001111010110 1011010001000111111000001110001111010110
0100011100000010100011101010011101011001 0100011101010001110000001010011101011001
0101111100000101011011010100011001001001 0101011111000001011011010100011001001001
1000101111011110100011100010100110111001 1000111000101111011110100010100110111001
0100111110100010011110001110011100111101 0100010011111010011110001110011100111101
0001111100000110000100000100101101101101 0001100001111100000100000100101101101101
0100011011011001111111000100011010000110 0100011010001101101100111111100010000110
1001111111001100100001101010011110011110 1001100111111100100001101010011110011110
1011100000101111011000110000111100010110 1011110111000001011000110000111100010110
0010111111010100010001101100010000110100 0010001101100010111111010100010000110100
1010111100000100000111111111001001010000 1010111110000010000011111111001001010000
1010110100000011010010000001000010010001 1010000001101011010010000001000010010001
0101010000000111110000101011000000010011 0101000000011111000010101011000000010011
0100100000001001000010001111001000000101 0100000001001001000010001111001000000101
1101000001111101111000001101101010110111 1101111000001101000001111101101010110111
0111101011100000101011110110010001101111 0111000001010111101011110110010001101111
1011100000000110011101100001101011010001 1011000011010111000000001100111011010001
1010111111010100100011110010111010110111 1010101111110100100011110010111010110111
0010000101111100010011010001000011111101 0010111110001000010011010001000011111101
0100011010110011111000000101111001101110 0100011111000000101111001101011001101110
1100101011010000101100000111110010011110 1100000111110010101101000010110010011110
1001101000110001000010010000001010111100 1001101000010001100010010000001010111100
1010000000001000010000011000001000110111 1010000100000000010000011000001000110111
1111101000000011001011001101010110010000 1111101010000000110010110011010110010000
1001111000001000011111011111000100100010 1001111101111000001000011111000100100010
1101100000111011111010110101010000101001 1101111101100000111010110101010000101001
1010010000000100001101001101100101100000 1010000000100100001101001101100101100000
1101101111111010100101110010100110100111 1101111111011010100101110010100110100111
0110100000001101001100100011110100010111 0110100110100000001100100011110100010111
1011110010111111111001111100000101100111 1011111111100111110000010111100101100111
0001000001100000101111010011110110010100 0001100000100000101111010011110110010100
1010000001010100010100100011110110110100 1010100000010100010100100011110110110100
0100100000001001100010100110111110011011 0100000001001001100010100110111110011011
1011011111111111101100100110111100110011 1011111111111101101100100110111100110011
1101001100101010010001110100001001100001 1101010011001010010001110100001001100001
0011000001111001011011101101001100111111 0011110010110111011010011000001100111111
0101101111111011101101111011010111000100 0101111111011011101101111011010111000100
1100001111111000011000000000001111101000 1100001100001111111000000000001111101000
1110111101100000001100110011001000100111 1110111101100110000000110011001000100111
0110111000101101010101010111110101011000 0110101010101011111010101101110001011000
0101111110101011011111001101100001011100 0101011111101011011111001101100001011100
0101101001011010000000101110011001011011 0101101000000010110100101110011001011011
1100000111110001011001011101101001110010 1100010110000011111001011101101001110010
1101111111110111101100110010011100111000 1101111011111111101100110010011100111000
0000011000111111111100111000000100100100 0000110001111111111001110000000100100100
1100000010100000010001101010010100110100 1100000010000001010001101010010100110100
0010010000000101000100011000010001010000 0010000000100101000100011000010001010000
0100011100010010000111111100001001001110 0100100011100010000111111100001001001110
0000111110000000101010111100101101110101 0000011111000000101010111100101101110101
0110111100000111110111101101010111100111 0110111101111000001111101101010111100111
1110001100100000000001111011000100010101 1110010000000000111101100011000100010101
1101011110000000111100111101001111110010 1101011110011110000000111101001111110010
1110111000110111101001010111011100100010 1110001101111011101001010111011100100010
0011000111111000001000110000110011100000 0011111100000100011000110000110011100000
1101001001011010010010100000111101001111 1101001001010000011110100100101101001111
1011000011101110011001010111010110101010 1011100110010101100001110111010110101010
1001000001001100101110000111000000111100 1001100100000100101110000111000000111100
1110011010111111111010011011001111110110 1110100110110011111100110101111111110110
1000001100000111000111110111010110100100 1000001110000011000111110111010110100100
0010100011001110101100111100001011110110 0010110011110000101000110011101011110110
1001110011000001001111100100011100011001 1001100000100111001111100100011100011001
1100000000110001100100001100110100000001 1100011000000001100100001100110100000001
0101100000111111111100000111111101111010 0101100001111111111000000111111101111010
0110110000001100101110000111011111000110 0110000001101100101110000111011111000110
1100000111110001100111111000110001110111 1100011000001111100111111000110001110111
1100000100000100000111001010110011011001 1100101011000001000001000001110011011001
1011111000011111001111001101110010100011 1011111001111100001111001101110010100011
1010111111010100010001000001110110101001 1010101111110100010001000001110110101001
1000001111111111000000101011001100101010 1000011111111110000000101011001100101010
0101111110101011011000110111011100100001 0101011111101011011000110111011100100001
1110101101100100101001010111110010111011 1110010111010110110010010100101011111011
0011001011111101010111101101010001001110 0011001010111111010111101101010001001110
1000100000000100001111101100111111100100 1000000001000100001111101100111111100100
1111100000111100010011101001011011111011 1111000001111100010011101001011011111011
0101111111011011110010110100111110011001 0101101111111011110010110100111110011001
1001011111000001111001100010000111000110 1001011110011000100001111100000111000110
1011110000000110111110000011110000111000 1011111000001111000000011011110000111000
0111111110111011101010111100110011001100 0111011111111011101010111100110011001100
1101110100000110110001000000100001100010 1101000001101110110001000000100001100010
0001011101111111101111110100011010011111 0001011111111011101111110100011010011111
0111010111000101011000110111101010001011 0111000101011000110111010111101010001011
0110011011111011011011111011110011100010 0110111110110011011011111011110011100010
0010110000011110101011101000001100011111 0010101100000111101011101000001100011111
1110111110000111110101111110010101100000 1110000111110111110101111110010101100000
0001101101111100110110001100101001110010 0001101100011011011111001100101001110010
1100100000110011100101110111000111010111 1100111001000001100101110111000111010111
0010101001100101001100100000100010101100 0010100110010101001100100000100010101100
0000111110000000011110000011011111010100 0000011111000000011110000011011111010100
1011001001001101010100111110000011111000 1011000001111100100100110101010011111000
0011100000010101110101011100100110111111 0011101010111000000101011100100110111111
0011100110000010011011010000100110011000 0011000001001110011011010000100110011000
0011010110000001011010111100010000001111 0011000000101101011010111100010000001111
1100000111110001011111100111111111011010 1100010111111000001111100111111111011010
0011000001111100000001001000101111010100 0011000000010010000011111000101111010100
1110100010100000110011011000100111011011 1110110001001110100010100000110011011011
0001111100000100001001011000001011111010 0001000011111000001001011000001011111010
0100000010101000100000110011111110111100 0100010000001010100000110011111110111100
1000101110010111000000010110010011111010 1000101110000000101110010110010011111010
1101111100000111100010100010011110011011 1101111000101000100111110000011110011011
1100010000000010001111010110100011010001 1100000000100010001111010110100011010001
1011100000010111111110101111010110111001 1011111111010111000000101111010110111001
1110111111111011110011101010100010111110 1110111101111111110011101010100010111110
1101111111011011001110101111110111100001 1101101111111011001110101111110111100001
1100111110110001100111001110111011001101 1100011001111101100111001110111011001101
1000000010101110101110101000001111100000 1000001111100000001010111010111010100000
0010000000100101110111000110000000100101 0010010000000101110111000110000000100101
0011111000001111101100101000001011110011 0011111011001010000010111100111110000011
1011011111110110010010011001100100010001 1011111110110110010010011001100100010001
1001100111111100100001011111110110010100 1001111111001100100001011111110110010100
1011000000000000001111101011111111011110 1011111111011000000000000001111101011110
0110000011111000010010101000000110111011 0110000100101010000011111000000110111011
0100010001011111001001011011101110101000 0100010111110010001001011011101110101000
0111111111011110111010101100101001110110 0111101111111110111010101100101001110110
0010000010101111111001100111001100110111 0010000010101110011001101111111001100111
0000111110000000101110010010000101011000 0000011111000000101110010010000101011000
1011001010000011001110110001000101000010 1011001110110010100000110001000101000010
1100100100000001001100010010001101001001 1100100000001001001100010010001101001001
1001000001100000111000010100011001111111 1001000001110000011000010100011001111111
1100010001111110000010100000010011011111 1100011111100010000010100000010011011111
0101000010011000001110010001000010000010 0101001100000111001000010001000010000010
1101001011010100010010101111000010001011 1101010010110100010010101111000010001011
0110111101000001110101010000000101000101 0110100000111011110101010000000101000101
0100001010111111010110110110010001111101 0100001011111101010110110110010001111101
0110011100011110011011110011001010000001 0110111100110011100011110011001010000001
1100110000000110010001011100000110010001 1100000001100110010001011100000110010001
0001000100000000111011001001110000010010 0001000000001000111011001001110000010010
0101000010000101110011111111111110011110 0101000010000101111111111111001110011110
0010001001100000111010001000101000001111 0010011000001110100010001000101000001111
1110000011111011100011000111111101101100 1110111000001111100011000111111101101100
0100001000000000100100000000111010100011 0100000000010000100100000000111010100011
0110011011111011001111000011000100010101 0110111110110011001111000011000100010101
0010000101111100010010010010110100110100 0010111110001000010010010010110100110100
1110011000001001110011100101000011011110 1110011100110000010011100101000011011110
0010111110100100101110101101110110110010 0010010111110100101110101101110110110010
1011011111110111100011100010111001110111 1011111110110111100011100010111001110111
0110000011111000110001100010100011000001 0110001100000111110001100010100011000001
0101100010010000000100111110010011101111 0101100010000000100100111110010011101111
1101110100000110101100100111010010011000 1101000001101110101100100111010010011000
0000111110000000001000110001000101000010 0000011111000000001000110001000101000010
0011010010010100010001101110111010000011 0011011101110100000110100100101000100011
0101101111111011011111011000011101101101 0101111111011011011111011000011101101101
1111100000111101011111111011110001110010 1111000001111101011111111011110001110010
0100000111110000100110110110011101110011 0100001111100000100110110110011101110011
1101010000001010010011100011011001011000 1101000000101010010011100011011001011000
0101001100101010110111010000010000001010 0101010011001010110111010000010000001010
1011000001111100000010100001001001000111 1011000000101000001111100001001001000111
1011100000010101111100000111111000011010 1011111000001110000001010111111000011010
1001010100000010100111110001100001110001 1001010000001010100111110001100001110001
1101001001011111010001000011110000000001 1101001011111010010001000011110000000001
1101011100000001100110010010111111000010 1101011100110000000110010010111111000010
0001110100100111110000011011100101101101 0001111100000111010010011011100101101101
0010110010110000000101101110000101000011 0010110000000101100101101110000101000011
0010110001110000011111000111011110001000 0010110000011111000111000111011110001000
0111000100001000110111110000011101100010 0111110000011100010000100011011101100010
0010110000001011010110001111100111011101 0010110101100000010110001111100111011101
1000101011111101011011100101010000111110 1000101111110101011011100101010000111110
1100110000011111001010100011101101000100 1100000111110011001010100011101101000100
1000001001111100011110001011101100000110 1000111100000100111110001011101100000110
0100010010111011010010001010110001011111 0100101110110100010010001010110001011111
1010110011000000011011000001111001100010 1010110000000110011011000001111001100010
0010000000100101001100000111100110111010 0010010000000101001100000111100110111010
1011011111110111011011010011000111000000 1011111110110111011011010011000111000000
1110011100110101011000010110110011000001 1110011010101100111000010110110011000001
0011001111100000110010101100010111110111 0011111000001100110010101100010111110111
0110000001101100100111001101100010110010 0110110000001100100111001101100010110010
1000010100111000101001011010100011000010 1000101001011010100001010011100011000010
1101111011000001110000011110101010110011 1101100000111000001111011110101010110011
0100101111100000100101001001011000101100 0100101001011111000001001001011000101100
0000100011111100010101001111011110011100 0000111111000100010101001111011110011100
1000101111111011000001111100001000100101 1000001111100010111111101100001000100101
0000100001111110000111111111000101100100 0000111111000010000111111111000101100100
1000010010010011001001100000111110001001 1000001111100001001001001100100110001001
1010100000001001000000010110111111001110 1010100100000001000000010110111111001110
1100110000011111000110010100001011010001 1100000111110011000110010100001011010001
0101010000111110010111111100010110011101 0101000011111001010111111100010110011101
1000100000000100011100111110001000101011 1000000001000100011100111110001000101011
0100011010000000011010011000110100011000 0100000000110100011010011000110100011000
0111110100000101101101110101011000000011 0111110110100000101101110101011000000011
0011010001011010001000011100000100100101 0011010001000101101000011100000100100101
1000000100000010100000001011010101011110 1000000101000000100000001011010101011110
1110111000000111010111001001110110001010 1110000001110111010111001001110110001010
1000000001000100010101101010001111000111 1000100000000100010101101010001111000111
1101100101100111110000111110101100001000 1101100111110000111110101100101100001000
0000010101000000001110111010001001110001 0000101010000000001110111010001001110001
0100011111111011101111011101100001101001 0100011101111111101111011101100001101001
1110111011111111011110110011011100101011 1110111111110111011110110011011100101011
1100001010100100000111110000100011110111 1100000111110000101010010000100011110111
1110011010000010110110101011001010100010 1110011011010000010110101011001010100010
1110101100001101000111100011010100001010 1110100011110001101011000011010100001010
1010111111000000101010010101100010001000 1010101111110000001010010101100010001000
0100100011111000011111000000110011000101 0100100001111100011111000000110011000101
1110010011101110010100011000100101001011 1110111001001110010100011000100101001011
0111110010001000000001001010001000101100 0111110010000000010001001010001000101100
1111100000111101011011000111110110101110 1111000001111101011011000111110110101110
0010010000000100100110110110011001010010 0010000000100100100110110110011001010010
1110001111101111100011101010100110010011 1110111110001111100011101010100110010011
0111100000111110000011101011010000110010 0111110000011110000011101011010000110010
1000001111100010001001111100110010100010 1000100000111110001001111100110010100010
1110000001101110110111000011110001111000 1110110111000000110111000011110001111000
0001100110100001010110010001001000101100 0001010110010001100110100001001000101100
0110110100000101100100011100010111111000 0110100000101101100100011100010111111000
1101101110000011110101010010010101101100 1101110000011110110101010010010101101100
1001000000001000101101010010101110001000 1001000100000000101101010010101110001000
1010100000010101000101010110111010100100 1010000001010101000101010110111010100100
1110100101110000011111011010101000110000 1110000011111010010111011010101000110000
0010101100011100011111111000011111111010 0010101100011111111000111000011111111010
1101101011111000001110001111111000011100 1101101011100011111000001111111000011100
1100001010111111010100011001101010110110 1100001011111101010100011001101010110110
1111100000111110010000101110000000110110 1111000001111110010000101110000000110110
0101011111101011110110100011101100001001 0101111110101011110110100011101100001001
1110000011111001110011111011101000010101 1110011100000111110011111011101000010101
1011001111110110000000101101100001111110 1011000000010110011111101101100001111110
1110100001101110000011111001010111110111 1110000011111010000110111001010111110111
1010000000011011110100011011110100110100 1010001101111010000000011011110100110100
1000101011111110110111111000000110100110 1000101011011111110111111000000110100110
0110101010101111110101111110111011111110 0110101111110101010101111110111011111110
1010000001010101111100010010001000000100 1010100000010101111100010010001000000100
0111011100000000100010001010110001000000 0111011100010000000010001010110001000000
0111110000000000111001110100001000111010 0111001111100000000001110100001000111010
1011001000011111100111000000111100100010 1011001110010000111111000000111100100010
0100111111110000111000011101101011111000 0100111000011111111000011101101011111000
1000001111100001010111110011011001011010 1000011111000001010111110011011001011010
1101001000000010000010000010111000011110 1101000000010010000010000010111000011110
1101010000000000010101011001111000011100 1101000000000001010101011001111000011100
1000100011111100001010110010011100000110 1000111111000100001010110010011100000110
0100100000001001000000000111010101101000 0100000001001001000000000111010101101000
1100010111111101101101000111110011010111 1100010110111111101101000111110011010111
0101011000001110111000001110100000110100 0101000001101011000001110111000001110100
1111000101101101110101100000100000010100 1111000001000101101101110101100000010100
1000001111100011110101001111000001111111 1000111101010011110000011111000001111111
1011101101001010011001010101101101001100 1011010010100110010101011101101101001100
0101100000111111100111110001101010110101 0101011000001111111001111100011010110101
0000011111000000000011111100000100100011 0000111110000000000011111100000100100011
0010000100000000010111111001000010101111 0010000000001000010111111001000010101111
1010000011111000001000011011100101100001 1010000010000011111000011011100101100001
0101010000001011111000001101111101100110 0101000000101011111000001101111101100110
1001010010111111001101000100100000101001 1001011111100101001101000100100000101001
0010000000100100110110000010001111011100 0010010000000100110110000010001111011100
1101001100111111100110000101000110010111 1101001111111001100110000101000110010111
0110101001001111101011010010111000001011 0110101101010010011111010010111000001011
1000001111100000101000000011000110110111 1000001010000011111000000011000110110111
0100000000101111000101111000000010011011 0100010111100000000101111000000010011011
0011101111111000001011110101111100011110 0011111110000010111011110101111100011110
1101010111001111011011111010000110100011 1101101010111001111011111010000110100011
0111001111111001001100111100000001011101 0111111100100110011100111100000001011101
1101101111111011000100100101010011101010 1101111111011011000100100101010011101010
1101001100011111000000000011000000100110 1101001111100000000001100011000000100110
1011000111110001101101001100001000111110 1011011000111110001101001100001000111110
0110000001101101111000011101100101010000 0110110000001101111000011101100101010000
1101011111001111101111000011000011100010 1101011111011111001111000011000011100010
1001101000110111111000111001000000001000 1001101111110001101000111001000000001000
0100001111100010010001001001111000001000 0100100001111100010001001001111000001000
1111000001111101100010111000100000011000 1111100000111101100010111000100000011000
0100111110100010010101110011010101111000 0100010011111010010101110011010101111000
0101111100010010011011100101001011100100 0101001011111000100100110111001011100100
1000110010101011001010000011111000111010 1000001111100011001010101100101000111010
0011111000001111100001101001001100001100 0011111000011111000001101001001100001100
0101100111110001111100011111011111100010 0101100011111001111100011111011111100010
1111100000111111110000000111110000000011 1111000001111111110000000111110000000011
1100111000010011111001001111110111110011 1100001001111100111001001111110111110011
0100000111110000011100111011101110000001 0100000111001110111011100000111110000001
1011000000110110111011100010000111000011 1011011000000110111011100010000111000011
1101010111000000111011100100000000011111 1101010111011100000011100100000000011111
0110110000001101000000001111010100101100 0110000001101101000000001111010100101100
1000001111000111110010001001001101010000 1000111110010000011110001001001101010000
1111000001111111010010100001110101100000 1111100000111111010010100001110101100000
0001111100000101111101011101110000101110 0001011111010111011100001111100000101110
0001100000000110001001000100001111111011 0001100011000000001001000100001111111011
0100001100101011111101010111101110010001 0100001100101111110101010111101110010001
1111000001111101010010000000011001101111 1111100000111101010010000000011001101111
1010100000010100111101011011000111010110 1010000001010100111101011011000111010110
1110010111000001111101101011111000000010 1110000011111001011101101011111000000010
1111000111100000000111101101110011100000 1111000000001111000111101101110011100000
0010110101111111010110011111111010001001 0010111111101011010110011111111010001001
0100100101111101000010010000000001001101 0100101111101001000010010000000001001101
0111100111000001001110110101110101111101 0111000001001111001110110101110101111101
0011111100000110000011000110010001011000 0011000001111110000011000110010001011000
1001111110010011100100000000111000110101 1001001111110011100100000000111000110101
1110101100010000000000000100001111100100 1110101100000000000001000100001111100100
0101101001011001101101011100100000101100 0101100110110101101001011100100000101100
0001111100000101001111001100011111111100 0001010011110011000111110000011111111100
1101010000111110010100111100111111010101 1101000011111001010100111100111111010101
1000110000000011000001011000101011100000 1000000001100011000001011000101011100000
0110000000110011011110001010011001101101 0110011000000011011110001010011001101101
0111110000011110010011111100100110001000 0111100100111110000011111100100110001000
0111001000001000000000010110000001000111 0111001000000000010000010110000001000111
1111010000001100010111000010010001001101 1111010010000001100010111000010001001101
1010100000110000011110000001100011000010 1010100000111100000110000001100011000010
1101111010000011101101100110100101101010 1101000001110111101101100110100101101010
1011001010110000011110101000001010001111 1011001011000001111010101000001010001111
0011100110000010011000000010111011110110 0011000001001110011000000010111011110110
0011111000001101010011011101010101010011 0011010100111110000011011101010101010011
1100000111110000111010000101111100000110 1100001110100001011111000001111100000110
1011111001010111110000000000111100100101 1011111000000000011111001010111100100101
0110111110110011011110111111011100110000 0110011011111011011110111111011100110000
1010111110000010101010110011001110110001 1010101111100000101010110011001110110001
1010010000011101001111010101011001100011 1010011110100100000111010101011001100011
1111000001111110001010010100000000000010 1111100000111110001010010100000000000010
0111110000011110111101101000000100000110 0111101111100000111101101000000100000110
0111011111010011101011011101110110010100 0111110100111011101011011101110110010100
1100010101001010111111001000010100110100 1100010101111110010101001000010100110100
0101010011111000010110111000100100110110 0101001111100001010110111000100100110110
0001110100110000011111000001010001110010 0001111100000111010011000001010001110010
1010010101111011111111101110001110111101 1010010101111111110111101110001110111101
0001111101111100001011000100110010000100 0001011000111110111110000100110010000100
1101101000001011011100000010100010000000 1101000001011011011100000010100010000000
0001010000110111011000010100101010100110 0001101110110000101000010100101010100110
1001111100000100000110000101101101011101 1001111100000110000010000101101101011101
0101110010000010100110100100011000001101 0101110011010010000010100100011000001101
0100000000101010001010100110111011111110 0100010101000000001010100110111011111110
0000011111000000110101100001111011100100 0000111110000000110101100001111011100100
0010111110001000000000101101010000011011 0010000000001011111000101101010000011011
1111000001111111001001010011000100001000 1111100000111111001001010011000100001000
0010000000100100101100010110100011001100 0010010000000100101100010110100011001100
1011011111110111110000100100001011000000 1011111110110111110000100100001011000000
0100101011010100000011101111111111010100 0100000011101111111111010100101011010100
0100111110000011000110011010101111011010 0100110001111100000110011010101111011010
1010111000100110100101010111000100000010 1010010101110001001101010111000100000010
1111101010111111101011000001100100111110 1111010101111111101011000001100100111110
0100010000000010011110100001010011111010 0100000000100010011110100001010011111010
0101101011111110101101001101000110110000 0101111111010110101101001101000110110000
1001111111111000001111001000001011101110 1001111001000001011111111110000011101110
0111110000011110111100010100100001010110 0111101111100000111100010100100001010110
1101001101111100100110001000010110000010 1101001100010011011111001000010110000010
1011110001100101010011000110100000000011 1011110010101001100011000110100000000011
1101111111011010101011101001101100111101 1101101111111010101011101001101100111101
0011010000001101011011110100001010000001 0011010110100000011011110100001010000001
0101100010111110110100000110010101001011 0101111101101000001100101100010101001011
1000001111100000100001101010000101010011 1000001000001111100001101010000101010011
0011101100000101110111010110011011100101 0011101110110000010111010110011011100101
1001111111111110110100111110001111100100 1001111100011111001111111111110110100100
1100101111111111011110010011110001101010 1100100111100101111111111011110001101010
1001011000001111101101100001101111001000 1001011011000001111101100001101111001000
1100110101011001110011000100110011111110 1100111001101010110011000100110011111110
1010111000000111011100000011100101000111 1010111011100000011100000011100101000111
1001010111111001010100101111010001011110 1001010100101011111100101111010001011110
0111111010100101000101000011100011101000 0111000111111010100101000101000011101000
1110000010000011110001011000000011101000 1110001011000000011100000100000111101000
0110000000011000110101101010000101000100 0110001100000000110101101010000101000100
1100001100000111110011011010110000010011 1100000111110000110011011010110000010011
1001011111000001010111111000110011101111 1001010111110000010111111000110011101111
0110111111101101101001010101110101101000 0110110111111101101001010101110101101000
1001111000000011111000001101010100110111 1001111100000111100000001101010100110111
0110000000000011011001110001001010001000 0110110000000000011001110001001010001000
1100100000100111110001011010101011101101 1100100111110001000001011010101011101101
1111000100000001001001101100101011011110 1111000100100000001001101100101011011110
0000011111000010011100001011110110100101 0000111110000010011100001011110110100101
1101111010111110000111010111101011011010 1101011111000011101111010111101011011010
1110001100001001001100001110000011111010 1110000011111000110000100100110000111010
1110000011010011111111001001110110010101 1110010011100000110100111111110110010101
0011110100000100011111000001101010100110 0011111000001111010000010001101010100110
1000100000111110001010101010100111111010 1000001111100010001010101010100111111010
1111011000000110110110100101110000110000 1111011011000000110110100101110000110000
1010010111111001010011111101000001000000 1010011111101001011111100101000001000000
1101101111001001001111010010111000000001 1101111001001001111011010010111000000001
1010000001010101101001000111000111011101 1010100000010101101001000111000111011101
0110001001111101000100001010111011110000 0110001000100111110100001010111011110000
1010110000001101011011010000001111010011 1010110110101100000011010000001111010011
0110101101111110110111000110000101101100 0110111111011010110111000110000101101100
1011111110110111100100001110101001011011 1011011111110111100100001110101001011011
1000001111100001010000000111000100000011 1000010100000111110000000111000100000011
0110001000011111000111010001010110101101 0110101100010000111110001110100010101101
1011010000000100100101000011111111100001 1011010010000000100101000011111111100001
0011000000101000011111100010001101100000 0011111100010001100000010100001101100000
0110100111111010010100000110001000111100 0110100101001111110100000110001000111100
0011010000000110100111111000110111111100 0011010011010000000111111000110111111100
0011011000001111101100101110110101111010 0011000001111101101100101110110101111010
0111001000000101111110101000000100001000 0111001011111101010000001000000100001000
0010011111101001010011100000011000111111 0010010100111111010011100000011000111111
0111110000011111100100110111000011001111 0111111001001101111100000111000011001111
1000100100000001011110111011101110111011 1000100000001001011110111011101110111011
0100100110000011110011100001011000101111 0100110000011110010011100001011000101111
1000111111100011000011010011110011000000 1000110001111111000011010011110011000000
1101101110000011110101000001011111000101 1101110000011110110101000001011111000101
0000011111000001101100101011101101101001 0000111110000001101100101011101101101001
1101101100000111110100110001101011110001 1101100000111110110100110001101011110001
0100100101111000001010010101010011101101 0100101111000001010010010101010011101101
1001100001111111001001010100010000110000 1001001100001111111001010100010000110000
1100001111101110001001000111001011011100 1100010010001110000111110111001011011100
0101111110110011100111001101010100110010 0101011111101100111001110011010100110010
0000010101000101010000110010001000000011 0000101010001010100000110010001000000011
0101001000000010010111100100000001110111 0101000000010010010111100100000001110111
1111001100000001100011010111001101010011 1111000000011001100011010111001101010011
0001111110001000110010101011001101100000 0001000111111000110010101011001101100000
0000011011101111111101001001010001100101 0000011011111111011101001001010001100101
0010000110011110011000010010001110000010 0010010000110011110011000010001110000010
1100010000000100101011110111111001110101 1100010010000000101011110111111001110101
0100000111110001100011100001110101000000 0100011000001111100011100001110101000000
1110000011111001100000011010110000000111 1110011000001111100000011010110000000111
0011000001100001011101110100001110000010 0011000010111011101000011000001110000010
0101001010011111101001010101011010101000 0101001111110100101001010101011010101000
1001111110010011111010000001111110111111 1001001111110011111010000001111110111111
0111101110000010111110110010001001111000 0111000001011110111110110010001001111000
1000110111111100011111100011111010010010 1000111111000110111111100011111010010010
0111111011001111100000111001110001101101 0111110000011111101100111001110001101101
1110100000101101101000101000101110000010 1110110100000101101000101000101110000010
0101110011111110111001101110000011010100 0101110011011100111111101110000011010100
1101110010110010001101001101001000100100 1101001101110010110010001101001000100100
1100111100000111110011100110001110011100 1100000111110011110011100110001110011100
0100110100000001101001000001101000010010 0100000001101001101001000001101000010010
0100110000011011111001001111000100101100 0100111100010011000001101111100100101100
1111000101010001111101110110101011100111 1111100010101000111101110110101011100111
0001000000001000111011110010010011100000 0001000100000000111011110010010011100000
1101111111011010001010111101111110101100 1101101111111010001010111101111110101100
0001110011111110000111001100001010001111 0001110011000011100111111100001010001111
0001011111110010110010101001011010010000 0001011001011111110010101001011010010000
1101010011011110010111101001111010110000 1101111001011110101001101001111010110000
0110110100000101101100000010110010011100 0110100000101101101100000010110010011100
1011000101010110000000101010011000110100 1011000000010101001100010101011000110100
1001010111111010110110010100000111101111 1001011111101010110110010100000111101111
0011001100000001110001000110001100100110 0011000000011001110001000110001100100110
1100110000010111111110010000001010000011 1100000101111111100110010000001010000011
0100111110000011111010111000001011111111 0100111110101111100000111000001011111111
1100111111100110001010001111000011110010 1100110011111110001010001111000011110010
0001100100101001111001000001100111011001 0001111001000001100100101001100111011001
0111010111110000011111101101110010100111 0111110000011101011111101101110010100111
1110101001111010100111111111000011110101 1110101001111111110101001111000011110101
0110000010001001111100111110111101101110 0110000010001001111101111100111101101110
0010000000100100001000100011101100111001 0010010000000100001000100011101100111001
0111110000001111101111111010011101111010 0111110111110000001111111010011101111010
1011100000111101101111110110110000101100 1011011100000111101111110110110000101100
0101010000001011000010110100111100011101 0101000000101011000010110100111100011101
1100000111110001010101010111001010001111 1100010101010101110000011111001010001111
1011100100111110000011110001011010001110 1011111000001110010011110001011010001110
0011111111001110011001111100111100011011 0011100111111110011001111100111100011011
1011111110110110011110000111000111011100 1011011111110110011110000111000111011100
0111001111111111000001111000110011110100 0111111111100000111001111000110011110100
0101111110101010100001101001100100111000 0101011111101010100001101001100100111000
1010111111010101100000110110010111010100 1010101111110101100000110110010111010100
0100000010110111111000001111100011000110 0100000111110000001011011111100011000110
0000011111000001101011100101101111001000 0000111110000001101011100101101111001000
