1010100100000001000000110011110011001001 1010100000001001000000110011110011001001
1000001000001110001000111001010011101001 1000001110000010001000111001010011101001
0101000000101011101001111011010010001110 0101010000001011101001111011010010001110
0100110100000101111111010111111111100000 0100110100001011111110101111111111000000
1011010000010110110100010001101001000100 1011011010000010110100010001101001000100
1001111001100000000001100110101010000101 1001100000000001100111100110101010000101
0011010101110011111000001110101000101111 0011111000001101010111001110101000101111
0100011100011111111000110111010010111001 0100011111111000111000110111010010111001
1111000001111101000001111100010001001110 1111100000111101000001111100010001001110
1010000000110100110100110100011101000010 1010011010000000110100110100011101000010
0010011111001000010100011001100000011011 0010000100111110010100011001100000011011
0011001001100011001100110011010000100011 0011000110010011001100110011010000100011
0010000011111000110001110001111001010101 0010001100000111110001110001111001010101
0011101111100111000110110000101000010010 0011100011101111100110110000101000010010
1101010000111110010101010011111001001101 1101000011111001010101010011111001001101
1111101000000110101101100111010100010000 1111101011010000001101100111010100010000
0101010011111100100100000011101111100110 0101010010011111100100000011101111100110
0100111000011111011010001001010001000011 0100010011100001111101101001010001000011
0101101011000000101011110100011111011011 0101100000010110101011110100011111011011
1000001010000000000101000010000110010111 1000000000010100000101000010000110010111
1110111110000111110110101110101100101000 1110000111110111110110101110101100101000
1010100000010100110101001101011110001000 1010000001010100110101001101011110001000
1111100000111101111011111110000110100010 1111000001111101111011111110000110100010
1011101000111110011011101110001010010101 1011101110100011111001101110001010010101
1111000001111111101011001001110010100110 1111100000111111101011001001110010100110
0110110010000010010001111101011000100000 0110010000010010001111101011011000100000
1011000000110110000000110011000101010010 1011011000000110000000110011000101010010
0110000001101101010010011000000011011010 0110110000001101010010011000000011011010
1001011001010000010011101010010101010100 1001010000010010110011101010010101010100
0110100000101101100001001001000111010111 0110110100000101100001001001000111010111
1111010100110100000010011011000000101010 1111010000001001101010011011000000101010
0110111111011010110110001000001101110111 0110101101111110110110001000001101110111
0111110000011110011001001001111110000011 0111100110010010011111000001111110000011
1001100101101001101000111001011101000001 1001011010011001101000111001011101000001
1110111111101101101111111000010011010001 1110110110111111101111111000010011010001
1011110000000010001000000001010101001001 1011110001000000001000000001010101001001
1110111101111111110001110011010110100011 1110111111111011110001110011010110100011
1110100101100000110000010111111001001101 1110100100101100000110000010111111001101
1010110100000011010010011000001000100110 1010000001101011010010011000001000100110
0101000000101010011100000010000001101011 0101010000001010011100000010000001101011
1111100000111110001010010010010110110110 1111000001111110001010010010010110110110
0100101001011101000111101000110010111101 0100101110100101000111101000110010111101
1101111111101110110101000011010100100110 1101110111111110110101000011010100100110
0000111010101001100100100000011101110110 0000011101010100110010010000011101110110
0001111100000100000101110010101111010010 0001000001111100000101110010101111010010
0011111110111111101101110010101010111111 0011111110110111111101110010101010111111
0101111110101011010101111010110111110110 0101011111101011010101111010110111110110
1110111111110111011011111111011011110110 1110111011111111011011111111011011110110
0100000111110000100101011011111101111000 0100001001010110111111011110000011111000
1010110111111101111100110000110000110001 1010111111101101111100110000110000110001
1000001111100011011100010010100111100100 1000110111000001111100010010100111100100
0101111110101011111000111101111010011101 0101011111101011111000111101111010011101
1010111110000011011011000111100010001001 1010110111110000011011000111100010001001
0100111110000010010000101011100010010010 0100100111110000010000101011100010010010
1100111100100000111000000101011001111010 1100100000111001111000000101011001111010
1101111111011011100110010001101011101111 1101101111111011100110010001101011101111
0110000001011010110010101100000111101111 0110101100000010110010101100000111101111
0001001111100100001011001111111110110111 0001000010011111001011001111111110110111
1111000000011001100101010101011001101111 1111001100000001100101010101011001101111
1000101001011101100000111110000001001001 1000001111100010100101110110000001001001
1110001111101111101000011101001001101011 1110111110001111101000011101001001101011
1111000000000011111001000001011011010000 1111100000000001111001000001011011010000
1111000001111110111101110001100110100111 1111100000111110111101110001100110100111
0011000000111010110111000000101101000010 0011011100000010110000001110101101000010
0110111111011010110000101111011111000010 0110101101111110110000101111011111000010
1101101111111010000000011000001111010100 1101111111011010000000011000001111010100
0100101011000110000000011001101111110001 0100101011000000001100011001101111110001
0001010001001110010101010001101001101101 0001001110010101010001010001101001101101
0001000000101000000111100000101011011100 0001010000001000000111100000101011011100
1010000000100100110001011100001111100000 1010010000000100110001011100001111100000
0111110000011110101110111001010111000101 0111101011111000001110111001010111000101
1100000110000111110111001100100011001000 1100001111101110000011001100100011001000
0000010110101011000101011011110001110111 0000010101101111000101101010110001110111
0001000001110000011000110000010110001110 0001110000010000011000110000010110001110
1110100111010011000001010101011000000101 1110100110000010100111010101011000000101
0101011011111110110110111010001100000010 0101011111110110110110111010001100000010
0101010000001011011100010110011110100111 0101000000101011011100010110011110100111
1100011011000111111101100010100000011111 1100011111110110001101100010100000011111
1100000111110011000111000001110101111000 1100110000011111000111000001110101111000
0111100000111111100000111000001100000010 0111111100000111100000111000001100000010
0111100000100011111000111110010111000001 0111110001111000001000111110010111000001
1101110000001110111011000000111001001001 1101110111000000111011000000111001001001
0110011101110010011101010001110000101011 0110010011101010001110011101110000101011
1001111000001100100100000010100000001110 1001001111000001100100000010100000001110
1110000001110111011110100110101110011101 1110111000000111011110100110101110011101
0111111000001101110111111101001010111000 0111011111100000110111111101001010111000
1110011000000111110110011000010100000011 1110000001111101100110011000010100000011
0010011111010001000100011011111111000111 0010001001111101000100011011111111000111
1011011111110111111001100101100001100001 1011111110110111111001100101100001100001
1010000001011110001111010100001001111011 1010100000010111100011110100001001111011
0001111100000100111100010000001101011001 0001001111000111110000010000001101011001
0111110000011101010110010000011000011101 0111010101100100000110000111110000011101
1011111001111101110010011000001001101001 1011111011111001110010011000001001101001
1110111100000111110100000000001101101010 1110000011111011110100000000001101101010
1101101111111011111010011111100001110010 1101111111011011111010011111100001110010
1011111000001111000010100011001011101010 1011110000101000110010111110000011101010
1010000100100101110100110110011001101000 1010011011001100110100001001001011101000
1010001111000111011001011001100001100111 1010001110110010110011000111100001100111
0110011110000001111101111000110001001110 0110000001111101111001111000110001001110
1100100101111101001111010110111000001111 1100101111101001001111010110111000001111
0101111010010010111000001110011000110000 0101110000011110100100101110011000110000
1101111100001111101011100001111000111101 1101011100001111000111101111100001111101
1110001101011000011100000111110001110000 1110000011111000110101100001110001110000
1100010000101010011000001111100010111100 1100000111110001000010101001100010111100
1001100000001100111111010100001111010110 1001100110000000111111010100001111010110
0001100100111100000011111000001111001011 0001111100000110010011110000001111001011
1000000101000000100010101101101111110011 1000000100000010100010101101101111110011
1000001111000001100010101111110101101000 1000001100000111100010101111110101101000
0100100011100000000000111011111001010111 0100100011101110000000000011111001010111
1001000011011000010010001110000101000000 1001001000011011000010001110000101000000
0000111110001111010111100011101001011110 0000111101011110001111100011101001011110
1100001111100111110001010100001110010100 1100111110000111110001010100001110010100
1110000101110111101111010001101011001011 1110111100001011101111010001101011001011
1000111110011111000000110011101000111000 1000000110011101000111110011111000111000
1000111100000111110001111000101001010110 1000001111100011110001111000101001010110
0101011111111111010110000001000101101101 0101111111111101010110000001000101101101
0011001100000001100110111110101001000111 0011000000011001100110111110101001000111
0011000001011111111001111100000111001000 0011111000001100000101111111100111001000
1101111111011011101101001001000001111001 1101101111111011101101001001000001111001
0101001111100001010101110100000001110001 0101010011111000010101110100000001110001
1000100111111011101110000001100010101110 1000000110001001111110111011100010101110
0001100011111000001000110100000111000001 0001111100000110001000110100000111000001
0100100110001110001100100110001110001110 0100110001110001100100100110001110001110
1111000001111101010001001111100111101111 1111100000111101010001001111100111101111
1110111101000001110100110100000110010011 1110100000111011110100110100000110010011
1000011101111111101111101001000111011101 1000011111111011101111101001000111011101
1000001000001100011010000010111000111011 1000001100000100011010000010111000111011
0000011111000001001101111100110000010111 0000111110000001001101111100110000010111
0011011001101010101100111011110101110010 0011010101011001101100111011110101110010
0001111110001000111101011100001001000000 0001000111111000111101011100001001000000
1011100101000011111000001110111001001000 1011111000001110010100001110111001001000
0100000010000001010101000010011111010010 0100000010101010000001000010011111010010
0101010001000000001001100000100111011001 0101010000000010001001100000100111011001
1001111111001100101111110110111111111001 1001100111111100101111110110111111111001
1010100000010100101110111011010010100001 1010000001010100101110111011010010100001
1110000010000011110000111101111111101010 1110000111100000100000111101111111101010
1101010111111010101010111000110010100011 1101011111101010101010111000110010100011
0001011011111110111001110101000011010010 0001011111110110111001110101000011010010
0110101101111110110100110010101111001111 0110111111011010110100110010101111001111
0100010011111010010100111010011100000001 0100111110100010010100111010011100000001
1110100111111011111111001011110110111111 1110111111110100111111001011110110111111
1000110101001110100101101000000010110101 1000110100000001011010100111010010110101
0110101000000101011001001110000010010100 0110100000010101011001001110000010010100
1101001101010100110101001010101111010111 1101010100110100110101001010101111010111
1111100011001010011001000110111000000001 1111100101001100011001000110111000000001
1001111110010010011111101010000101111100 1001001111110010011111101010000101111100
1110110000011101111101110110000110001110 1110111110110000011101110110000110001110
1101010011111011111000101001001001111110 1101001111101111100010101001001001111110
0000111110000011111101110010011011001110 0000011111000011111101110010011011001110
1110011010101100111001101010010000010101 1110011100110101011001101010010000010101
0010011101110010110000001010110101100101 0010110000001001110111001010110101100101
0101110010000011111000001111011001010011 0101111100000111001000001111011001010011
1101110111111110111010001111011100000000 1101111111101110111010001111011100000000
1010000011111001010010101110100001111101 1010010100000111110010101110100001111101
1011001111111001111111111110110110011000 1011011001111111001111111111110110011000
1100110111111101101010001011101110111000 1100110110111111101010001011101110111000
0101110111111110111011110000100011010111 0101111111101110111011110000100011010111
0000111110000011000100000000001010000011 0000011111000011000100000000001010000011
0001000111110000000000110010110110011111 0001111100000000001000110010110110011111
0010001111110001000100110111000001011011 0010001000111111000100110111000001011011
0011001111111001101011001000111001101011 0011111110011001101011001000111001101011
1001111110010000000100110100100101000101 1001000000010011111100110100100101000101
1100010001111010011000001111100111110100 1100000111110001000111101001100111110100
0001111100000110010101010000110001100010 0001100101010100001111100000110001100010
0011111001111100011001100110001111001000 0011111000111110011001100110001111001000
0001000010111111101101100111111110110000 0001000010110111111101100111111110110000
1010000011111010100100000001110001000110 1010100000111110100100000001110001000110
1010000000100100011011111011110011100101 1010010000000100011011111011110011100101
1101100110001100110100010110100001001000 1101000101101100110001100110100001001000
1100010000000010001001010010001011000000 1100000000100010001001010010001011000000
0010111111010101101010101001100001010011 0010101111110101101010101001100001010011
0011111000001111001111010001100101001101 0011110011111000001111010001100101001101
0011001011101010000011010101111111111100 0011001010000011010111010101111111111100
0110010010010101111101100011010001010111 0110001100100100101011111011010001010111
0100100000001000100011000111101100111010 0100000001001000100011000111101100111010
0100111111001001000011000001101011011001 0100100111111001000011000001101011011001
1101100000101110111010011011010101111010 1101110110000010111010011011010101111010
0110100010001011000011010110110010101000 0110000110100010001011010110110010101000
1101101000001111110111111001011100100100 1101000001111110110111111001011100100100
1101011111010010111110000011100111001001 1101011111000001111101001011100111001001
1000100101010100100101100000101011010101 1000101010100100100101100000101011010101
0110000001101101000111100100000100001011 0110110000001101000111100100000100001011
1001111110010010110100000111011001101101 1001001111110010110100000111011001101101
0000110111110110011001111010011011100100 0000110011011111011001111010011011100100
0000111110000001101101010110010100111000 0000011111000001101101010110010100111000
1101100000111110001000011110000111100011 1101100010000111100000111110000111100011
0010101111100000111100000011111111111111 0010101111000000111110000011111111111111
1110111110000100000111101111111011101001 1110000100000111101111101111111011101001
1111000001111101100111101110011010000000 1111100000111101100111101110011010000000
0010101100011011101111100001000111011101 0010101110110001101111100001000111011101
1001000111000100101001001001011000101010 1001010010001110001001001001011000101010
1100001010100101011111100000111110000010 1100000111110000101010010101111110000010
0001101010011001100110111011101011101010 0001100110101001100110111011101011101010
0010101001011010010010110000001101110101 0010110100101010010010110000001101110101
0100101101111000001111110000011100100001 0100101101111110000011110000011100100001
0101010000001011100100100111110011010110 0101000000101011100100100111110011010110
1001001000001111100110110001010000111010 1001000001111100100110110001010000111010
1001100000010001101000110110111000001010 1001101000110000001000110110111000001010
0010111111010101100110110000010000011011 0010101111110101100110110000010000011011
0010010000000101001000111111011110100100 0010000000100101001000111111011110100100
0010010000000101001101110101111110110000 0010000000100101001101110101111110110000
1100111110101100010110010011101101010001 1100010110011111010110010011101101010001
0111011000111010100110000001111010001111 0111010100110000001110110001111010001111
1010100000010100011001010100111101100111 1010000001010100011001010100111101100111
1111010100000111001001101100100111100110 1111001001101100100111101010000011100110
0000011111000010100001110000010001100111 0000111110000010100001110000010001100111
1000100111110100010000110010010000001110 1000100010011111010000110010010000001110
1001101000001000110110001101101010100111 1001101100011010000010001101101010100111
0011000111110000011010101001011010101101 0011111000001100011010101001011010101101
1100101010100100100111010100000111110101 1100100101010100100111010100000111110101
0100000000010001100010000111010111111000 0100011000100000000010000111010111111000
1011111111111011111101111011110011000010 1011111101111111111101111011110011000010
0011100000111110001011001000000001010110 0011100010110000011111001000000001010110
0110111111010100000111110111010010010010 0110101000001111101111110111010010010010
1101010110101011101000101000110001100011 1101010111010101101000101000110001100011
0001100110001100111111100010000000000101 0001100111111100011001100010000000000101
0000011111000000000100101000101100110100 0000111110000000000100101000101100110100
1000100011111100000111100110101000101001 1000111111000100000111100110101000101001
1000111111100110011101001011100110001110 1000110011111110011101001011100110001110
0101011111101011110101100101110100111111 0101111110101011110101100101110100111111
1100101101111111011111111111101111101110 1100101111111011011111111111101111101110
0100111001000001100101011101111011011001 0100100000110011100101011101111011011001
0010001100110000000110011100111111101010 0010001100000001100110011100111111101010
0010110111111101100001111010111000001101 0010111111101101100001111010111000001101
1110101000000101010101011001111111110010 1110100000010101010101011001111111110010
0101100101100000001011001000011000010011 0101100000001011001011001000011000010011
0010110110000001101101000001110110010111 0010110000001101101101000001110110010111
1001011101100011011110110100011111000011 1001011000110111011110110100011111000011
1101111001111100000111111111110011011100 1101111100000111100111111111110011011100
0010010111011000110110011100100110001111 0010111011000110110011100100100110001111
0100010001101100101110001000011100100100 0100011011001011100010001000011100100100
0001110101011011011111100100011011001011 0001110110101011011111100100011011001011
1101101111111011000110111001010111001001 1101111111011011000110111001010111001001
0110110000100111100000111110000100000000 0110110000011111000010011110000100000000
1101101111111011100010110100000010101101 1101111111011011100010110100000010101101
1110101111100000111110000011001001100110 1110000011111010111110000011001001100110
1111100000001000011100101100010110001011 1111100101100000001000011100010110001011
1100110000011111001001000100101001011100 1100000111110011001001000100101001011100
0001011100101011110101000100111111011001 0001010111101010001011100100111111011001
1010101111110101011100100001001101000010 1010111111010101011100100001001101000010
0101100011111010000100010100110000000011 0101100001000111110100010100110000000011
1011000110001111111000010000101110100001 1011000111111100011000010000101110100001
0110011011111011011001101000111000011000 0110111110110011011001101000111000011000
1100000010110010101110110111011001011111 1100101011101101110110000001011001011111
0100000100001111101000010000000001111111 0100001111101000001000010000000001111111
0111111110111011111010101000010101100010 0111011111111011111010101000010101100010
0101110000000111111100000100111110000011 0101111111000001001110000000111110000011
1101111111011011111001101010110111100000 1101101111111011111001101010110111100000
0111001011001000000110000011011011111100 0111001000000110010110000011011011111100
1100000110000010000001101001101010101001 1100000100000110000001101001101010101001
0011111111100111000001001101111110000000 0011100000100111111111001101111110000000
1011011111110110101011100111010101011010 1011111110110110101011100111010101011010
1110011010110101010110101011011111000011 1110011010101011010110101011011111000011
0000111110000001001001100001111000001100 0000011111000001001001100001111000001100
0001000010111110001111101011101000000001 0001011111000100001111101011101000000001
1110111110001111100100010101000100100100 1110001111101111100100010101000100100100
1000101001011110000011001010111010110011 1000101111000001100101001010111010110011
1000001111100011000011000001110001011110 1000110000011111000011000001110001011110
1110011011100100110011011110011000001001 1110010011001101111001101110011000001001
1101110000000010001001011000010111001101 1101100001011100000000100010010111001101
1011111111001101110011011010011011001101 1011100110111111110011011010011011001101
0100000111110010010011101100101010100111 0100100000111110010011101100101010100111
0110100000101101100000100011111000111001 0110110100000101100000100011111000111001
0001111111011010000011111000001111111010 0001111100000111111101101000001111111010
1011100000000000111011111110000000011101 1011101110000000000011111110000000011101
0111110001111101111000001001010000100010 0111110111110001111000001001010000100010
0111010000000111100000101100100011001001 0111010001100100000001111000001011001001
0011101111111101111010110000001100101110 0011111111011101111010110000001100101110
0011000000011001110100110010011011100000 0011001100000001110100110010011011100000
1001000111110000110001001100000000101110 1001001100000000100011111000011000101110
0100010111110000111100001001001010100101 0100100010111110000111100001001010100101
0110000000011111000110110111011100011110 0110110000000011111000110111011100011110
1100000101101000001111011101010101101100 1100001011010000001111011101010101101100
1010100000111110101010101110000000000011 1010000011111010101010101110000000000011
0101000110110111011000110101010000000001 0101010001101101110110001101010000000001
0001111111101110110011001000001001101110 0001100100000100111111110111011001101110
0001101110111111011101110001111100000100 0001111100000110111011111101110111000100
1011111110110110011011111111000101101111 1011011111110110011011111111000101101111
0101111110101011110010101101101100101010 0101011111101011110010101101101100101010
0111001111111010000110100001111000011011 0111111101000011010000111001111000011011
0001011111000100001000011111111100110000 0001000010111110001000011111111100110000
1010001101111111100101110000000101111101 1010001101110000000101111111100101111101
0011111000001101001110110011100001011010 0011010011111000001110110011100001011010
0011100101010001011000101111100000111101 0011111000001110010101000101100010111101
1010101100000111101010110101001101001101 1010110000011110101010110101001101001101
1010000011100000111110001111100110001010 1010000011111000001110001111100110001010
1010001110010001110011111110011100001011 1010001110011111110011100011100100001011
1000101111101111100001111101101110011101 1000101111100001111101111101101110011101
1011001011110101001100000111110001000000 1011000001111100101111010100110001000000
0001101001101000000011100101101111111001 0001101000000011010011100101101111111001
1100111000001111100011011100001111000010 1100000111110011100011011100001111000010
0001011010000011111000001010000111000011 0001111100000101101000001010000111000011
0001100111000101111000000001010111010111 0001011110000000011001110001010111010111
1010010001100011100000011111100010001001 1010001100011100000011111100010010001001
0011111000000011111011111111110100100100 0011111011111000000011111111110100100100
1010010010011101001111110100000101111010 1010011111101001001001110100000101111010
0011000111111100011110110001101111000010 0011111110001100011110110001101111000010
0100010011100110000011101011110100110001 0100111001100000111010111101000100110001
1100101010010000111111101110110011000011 1100110010101001000011111110111011000011
1100111111100110010100001100001100101000 1100110011111110010100001100001100101000
0101100000111110000100100000010010111001 0101100001001000000100101110000011111001
1001111110010010101010111100101001111010 1001001111110010101010111100101001111010
1011100000101111011110100111110000000111 1011110111000001011110100111110000000111
1110000111110111110110111101100100011101 1110111110000111110110111101100100011101
1110100100000111111111101001111110001100 1110100111111010010000011111111110001100
1110000011111000011101001010011101100100 1110000111000001111101001010011101100100
0011010011011111100110100111000001001000 0011011111100110100110100111000001001000
0010110111111101101110001001100110011110 0010111111101101101110001001100110011110
0000111110000011010010001111101101010011 0000011111000011010010001111101101010011
0111010111110000011101110010111001011000 0111110000011101011101110010111001011000
0001011111101010101101110111010001111000 0001010111111010101101110111010001111000
1100000000011111100001000111010100100010 1100001000000000111111000111010100100010
0101111110000000101001010001001110101110 0101001011111100000001010001001110101110
0000011111000010000001110001011101000000 0000111110000010000001110001011101000000
1110101000000101001001000111110000001001 1110100000010101001001000111110000001001
1001001011111010000000100101010111110111 1001011111010000000100100101010111110111
1110110010001101111100000111111111101111 1110000011111111110110010001101111101111
0001111100000100101111110001010001110000 0001001011111100011111000001010001110000
0001010011100000011101111101111111110100 0001010011101110000001111101111111110100
0101011011111000000110101010111101000001 0101101111100000011010101010111101000001
0000011111000011111111010011101001101110 0000111110000011111111010011101001101110
0011111000001111001100100110010010000001 0011110011111000001100100110010010000001
0111100000111110110100000100000101000100 0111110000011110110100000100000101000100
0101011111101010100010101111010000010100 0101111110101010100010101111010000010100
0001100000100000111100111010000001000111 0001000001100000111100111010000001000111
1101000000101010111110011000000011100110 1101010000001010111110011000000011100110
0001001101100111111101100101111111011100 0001001111111011001101100101111111011100
0111011111000001111100101110000100110000 0111110000011101111100101110000100110000
1110000011111011101101111101011111001000 1110111000001111101101111101011111001000
1010010110101001100101001111001001111000 1010100101101001100101001111001001111000
1000110011011100000111110000011111110010 1000001111100011001101110000011111110010
1101111111101110100101010111110011101001 1101110111111110100101010111110011101001
1101001001100000011011000000101111000001 1101001001101100000011000000101111000001
1000011111000001011111111100110011110110 1000001111100001011111111100110011110110
0001111100000111111010000011100011100110 0001111110100000111110000011100011100110
1100000001100110001101101001001011000000 1100110000000110001101101001001011000000
0000011001010011000010010110101101001001 0000110010100110000010010110101101001001
0110001100101010011000000011110010001101 0110010101001100011000000011110010001101
0111010001101000101111101100010100111010 0111110110001010011101000110100010111010
1111000001111100110000010100001111101010 1111100000111100110000010100001111101010
1010000001010100110100000100111001100000 1010100000010100110100000100111001100000
1100011111011100001110000011010110001101 1100001110001111101110000011010110001101
1001111110010010100010010011000000010101 1001001111110010100010010011000000010101
1101111000011001110110100100010001100110 1101101111000011001110100100010001100110
1111100000111110001101010100101101110101 1111000001111110001101010100101101110101
1001000110010001000001001011111101110011 1001000100000100100011001011111101110011
1101111111011010010111111100011011011011 1101101111111010010111111100011011011011
0110010000011111100110011010000011000001 0110011001000001111110011010000011000001
1111011100000101111001100001010011110011 1111001100001010011110111000001011110011
1110111110110000011100010011010011111001 1110110000011101111100010011010011111001
0111110011111000001111010010101101001111 0111110000011111001111010010101101001111
0010111111011111000001010110111111110000 0010101111110111110000010110111111110000
1000001111100010100100001111111101010011 1000101001000001111100001111111101010011
1001010111110101001010010001110011010100 1001010010101111101010010001110011010100
0001101111101000001001010011011110101011 0001101000001001010011011111011110101011
0110101101111110110011000111101111011011 0110111111011010110011000111101111011011
1110111000001111100011010000101101101010 1110000011111011100011010000101101101010
1001110011010101100101010110100000001111 1001101010110011100101010110100000001111
1110111110011111011011100100010000001001 1110011111011111011011100100010000001001
0111101111010001011100011011101100010001 0111101000101111011100011011101100010001
1000001110000010001001001110011000011001 1000001000001110001001001110011000011001
1100101010000100110000011111000001010011 1100000111110010101000010011000001010011
0100100000001000010110011011100011110111 0100000001001000010110011011100011110111
1010101111110101100100101111100111101000 1010111111010101100100101111100111101000
0101011110000011010111011100110110111110 0101111000001101010111011100110110111110
0010000000100101101100100110101110111000 0010010000000101101100100110101110111000
0111100100111101101101011001100111110011 0111101101101011001100111100100111110011
1100000111110001100010011001011010001010 1100011000001111100010011001011010001010
0110010111110000001100100110011111110100 0110010011001011111000000110011111110100
1110110000011101111101101100111001001001 1110111110110000011101101100111001001001
0101111000000101000000110010101011001110 0101000000110010111100000010101011001110
1010010001111100100101000100010100110111 1010001000101001000111110010010100110111
0011000011000000000110001100110110110110 0011000000000110000110001100110110110110
0101111100000101011110000010011110011110 0101011111000001011110000010011110011110
1110000011111111110110000001111110011101 1110110000001111110000011111111110011101
1100000000100010000101101110101111011100 1100010000000010000101101110101111011100
0011101010100110000010011001111011000011 0011000001001110101010011001111011000011
1100100111111001011111111101000101010010 1100111111001001011111111101000101010010
0100100000001001110101111100001011010011 0100000001001001110101111100001011010011
1111000000010110010110011010000110101100 1111001011000000010110011010000110101100
1101101111111010000111001100010000000101 1101111111011010000111001100010000000101
1000111110100001000101010111000000000000 1000010001111101000101010111000000000000
1000011111000000110011110010011101100100 1000001111100000110011110010011101100100
0010001000000001001100111010110011101101 0010000000010001001100111010110011101101
1000000000011111000000011010100101000001 1000000011010100101000000000011111000001
0000010010001101111000000111110110111011 0000100100011011110000000111110110111011
0010010000000101011110111001100000110010 0010000000100101011110111001100000110010
0001111100000000001000100100000001111101 0001000111110000000000100100000001111101
1011111110110111100011101111010001101000 1011011111110111100011101111010001101000
0101110111111000001101100110010110100010 0101111110000011011101100110010110100010
0010010000110000011100010111110010100011 0010000110000011100010010111110010100011
0010111110010000000010011011001100011010 0010000000010111110010011011001100011010
0111000001011110111010000111111111001100 0111101110000010111010000111111111001100
1011011000000110011010001001000011010000 1011000000110110011010001001000011010000
0100011011011111110110110110110110100010 0100011011111110110110110110110110100010
1001010010000001001101000001100111101111 1001000000100101001101000001100111101111
1100111010101011110011010001111010011100 1100110100011110100111001110101010111100
1010010000000100011110010110010111111101 1010000000100100011110010110010111111101
1010100110000101110000011111000001000000 1010100110000011111000010111000001000000
1101101000101111110001001111001000001001 1101101001111001000101111110001000001001
0001111100000101101011100010110111100100 0001011010111000111110000010110111100100
1001110111100111111110111100111101000101 1001111111101111001110111100111101000101
1010001011000001111100000011001000101100 1010000011111000101100000011001000101100
1000000001000100011000000111111110100100 1000100000000100011000000111111110100100
1110100101101010000000011101001010011101 1110100101001110100101101010000000011101
0011111011111000011011010111100000011100 0011011010111100000011111011111000011100
0101101001100010110111011110110011101011 0101101110111101100111010110100110001011
1111001000101110001100001011001110111110 1111100100010111000110000101100111011110
1001111101101000001111001100010111000111 1001111001111101101000001100010111000111
1001001111110010010011000010010111010001 1001111110010010010011000010010111010001
0110110000001101000001101010110011011110 0110000001101101000001101010110011011110
1110101010000011111001101111100000000000 1110011011111010101000001111100000000000
0011010100000010101011100100101001010100 0011010000001010101011100100101001010100
1110110011011111011011111010000110000111 1110110111110110011011111010000110000111
1100110011111110001100101000101000010010 1100111111100110001100101000101000010010
0111000100111110000011101110100101110111 0111110000011100010011101110100101110111
1001111101110000010000001001010000000101 1001111101110000001001010000010000000101
0110110100000101101011000110011011110001 0110100000101101101011000110011011110001
0011001000000010010010000110010100010101 0011001001000000010010000110010100010101
0010001011111001001111011001110101001000 0010111110010001001111011001110101001000
0111110010010111111100001100001110100101 0111111100001100001111100100101110100101
0011101011100000010111010101010110110100 0011100000010111010111010101010110110100
1001100011001100000000100110001110101010 1001100000000100110001100110001110101010
0011011111110110110100001010000011010101 0011011011111110110100001010000011010101
1101000111110011111101111111011011011100 1101111111010001111100111111011011011100
0010101010110011110101000001011100010101 0010111000101010101100111101010000010101
1100001001001110001101100111111011011011 1100011011000010010011100111111011011011
0110100100111111001000011111101011001110 0110100111111001001000011111101011001110
0101011100011000111011000101011000111101 0101110001100011101100010101011000111101
0010000000010001011111010111010111100101 0010001000000001011111010111010111100101
0011001011000001111111111001011010000100 0011000001111111111001011001011010000100
1110000001011111010111110111011101101000 1110101111100000010111110111011101101000
0001110001010001011000110100100100010110 0001010001110001011000110100100100010110
0001000010000000000000010000010100110110 0001000000000000001000010000010100110110
0010111010100011111000001111011010011000 0010111110000011101010001111011010011000
1011101000011111000100100011001000110001 1011101001000011111000100011001000110001
1101111111011011001110001100101011111101 1101101111111011001110001100101011111101
1100101000000100110001100110010111110111 1100011001010000001001100110010111110111
0000100111010011111111010001111010111100 0000100111111110100111010001111010111100
1010100000111001111001000001110010001001 1010100000111001000001110011110010001001
1011010001101001111101100111101001001000 1011010011111011010001100111101001001000
0101011111101011101111110110011100110001 0101111110101011101111110110011100110001
1000100110001011111101010111110111111010 1000100110001010111111010111110111111010
0101100110001111100001100011111011001101 0101100011111000011001100011111011001101
0111110000111110111011010101010000101111 0111110111110000111011010101010000101111
0111110000011111001101100000011000111010 0111110011011000000110001111100000111010
1010100000010100110111000111101001101000 1010000001010100110111000111101001101000
1110000011000001110110011011100100101011 1110110011011100000110000011100100101011
1100110000000110010000001101010011101100 1100000001100110010000001101010011101100
0101010011111000001100110111011011111100 0101010011001111100000110111011011111100
0111110101001000000000000100011100110001 0111110101000000000000100100011100110001
1101110011000000011001111000001100000101 1101110000000110011001111000001100000101
0000101100001111110110000000010110010010 0000111111011000010110000000010110010010
0000111110000000011011100111110010011011 0000011111000000011011100111110010011011
1111011100000000000111010100010011010011 1111000000000001110111010100010011010011
1110000011111001110110111011011011100111 1110011100000111110110111011011011100111
0101111110101011111001101000000111111010 0101011111101011111001101000000111111010
0001110010011010001101111100011100010110 0001101111100011100100110100011100010110
1101110010001101100111101100111111101010 1101100111101110010001101100111111101010
0111010000101011010100011101100000011011 0111010100011101000010101101100000011011
1110111111111101111101001110101000011001 1110111110111111111101001110101000011001
0010001101111100111110001010110101011010 0010001101010110111110011111000101011010
1100010000000010000000000001110000101010 1100000000100010000000000001110000101010
1010101111110101110100100111101111110001 1010111111010101110100100111101111110001
1100001111110111000010111000011010001110 1100001011100001111110111000011010001110
0110100011101110000000010011001000111001 0110100110010001110111000000001000111001
0000111101100101111111001100000111010101 0000011110110010111111100110000111010101
1001001111110010100110101001010111010011 1001111110010010100110101001010111010011
1010000001010100010011101111000101101101 1010100000010100010011101111000101101101
1110111011111111011011001010010111001101 1110111111110111011011001010010111001101
0101111110101011101001010101100101011101 0101011111101011101001010101100101011101
0101001100101010010010010100110000000111 0101010011001010010010010100110000000111
1100000111110010000101011000010111100011 1100100001010110000011111000010111100011
0111111111011110111111001111110000010110 0111101111111110111111001111110000010110
1001100010001011111001011111111111111101 1001100010111110010001011111111111111101
0001111111000110001001011101100100111001 0001100011111110001001011101100100111001
0100111000000111011111011100000010110110 0100111011100000011111011100000010110110
0100100000111110010000011110111100011011 0100000111110010010000011110111100011011
1000101000101001010110011100101010001100 1000101001010110011100101010001010001100
1110100101111101010000011110111111110001 1110101000001111010010111110111111110001
1100000111110001011001101001000111101010 1100010110000011111001101001000111101010
0000010110010010111000011010111000000000 0000101100100101110000011010111000000000
1110111101111111110001010000111110110010 1110111111111011110001010000111110110010
1000100000000100010110101101011101000100 1000000001000100010110101101011101000100
1010010001111100001000011110011111010010 1010001111100001001000011110011111010010
0111101010000001010010110010110111001001 0111101000000101010010110010110111001001
0010010000000100001110100110100111011001 0010000000100100001110100110100111011001
1100101011111101011100010111111101111101 1100101111110101011100010111111101111101
1101000011111001010100100000011001000001 1101010000111110010100100000011001000001
0101101111111111110110000001110010100100 0101111111111110110110000001110010100100
0011101000000001011110011010101111100010 0011110011010101110100000000101111100010
1100000111110000101010111010001010001100 1100001010101110100010100011000001111100
0001101000001101011111000010100111110111 0001101011111000011010000010100111110111
1100011001000000110111110101101111010110 1100011011111010110010000001101111010110
0110010111110110010011001001001001010001 0110010011001011111011001001001001010001
0001100001111100000100110111000010100101 0001111100000110000100110111000010100101
1110100000111011110110011011011111101110 1110111101000001110110011011011111101110
0110000001101101100000000000011111010110 0110110000001101100000000000011111010110
1010000011111000101100100010111111110010 1010001011001000001111100010111111110010
1011000000001011000101110001100110011011 1011000101100000000101110001100110011011
1110011111011111000011010110010111000000 1110111110011111000011010110010111000000
1001111100000110001111001111100001011111 1001100011111000001111001111100001011111
0101000000101011001000100111110110111001 0101010000001011001000100111110110111001
1100010110001000001111101100001110000001 1100010000011111011000101100001110000001
1000000001010001010001100010110101101101 1000101000000001010001100010110101101101
0110011110000100110100011001000100100101 0110100011001111000010011001000100100101
0110111110011000110111101101111011010101 0110001101111100110111101101111011010101
1000000001000100010011100100110011000101 1000100000000100010011100100110011000101
0000111111010101111110111001111011101110 0000111111011111101010111001111011101110
0111110100101111101011111011111110010101 0111110101111101001011111011111110010101
0010110000000101100100100110110011100001 0010110010110000000100100110110011100001
0110000001101100001111111100101011101001 0110110000001100001111111100101011101001
1010100011111000101001110011111011011001 1010001111100010101001110011111011011001
1101000001111101010111111100110011000001 1101010000011111010111111100110011000001
0101010000001010011100001001000011100000 0101000000101010011100001001000011100000
0010010111011100000011100011111010100110 0010010111000000111011100011111010100110
0111011001010011001111100000111001101100 0111110000011101100101001100111001101100
1111000001111101110000000110001001010111 1111100000111101110000000110001001010111
1011001000110010111110011001000100000000 1011001011111001100100011001000100000000
0110100111110001101110101010111111000000 0110111010011111000110101010111111000000
0111100000001001001101011000001110111101 0111011110000000100100110101100000111101
0110100010000000010000101000011110000011 0110100000000100010000101000011110000011
0110000001101100110110110010001101111100 0110110000001100110110110010001101111100
1010111111101101100000110001100010110010 1010110111111101100000110001100010110010
1110010001110000000100011101001001111110 1110000000100011100100011101001001111110
0000111111110101110101110101110011110010 0000111010111111110101110101110011110010
0110000010101000000010111101001110010100 0110000101010000000010111101001110010100
1110000000110111100000111110010010010101 1110000011111000000011011110010010010101
1010100000010100100111111111010011111001 1010000001010100100111111111010011111001
0110000100000000010000001000001101010100 0110000000001000010000001000001101010100
1000100100100101110101001000100001100100 1000100010010010010111010100100001100100
0111000001001101100000111111111100100011 0111000001111111111000001001101100100011
1010000010011111011001101101101001000000 1010011111011001101101101000001001000000
0011011110000011111101111101000010110010 0011011111011110000011111101000010110010
0111010000000000010000001001101001001111 0111010000001000000000001001101001001111
0010111111101101111011100001110000010001 0010110111111101111011100001110000010001
0101111111011011100010011010111000011011 0101101111111011100010011010111000011011
1001100001010100111101010000001111111111 1001111010100000011000010101001111111111
1010100001011100010111101001010101010000 1010000101110001011110101001010101010000
0011010100010011010000001000100110100010 0011010000001000100110101000100110100010
1100011100010111011110000001010011100101 1100010111011110001110000001010011100101
1111100000111110101100101110100011100111 1111000001111110101100101110100011100111
1101101100000011010001010100001010100010 1101100000011011010001010100001010100010
0011011100010111000100111110000011011011 0011111000001101110001011100010011011011
1010110111110010101100010100011011010100 1010110001010110111110010100011011010100
0110110000001100100001110101110001011010 0110000001101100100001110101110001011010
1110111011111111010010100110000101010100 1110111111110111010010100110000101010100
0101100000001011001011110010011001001101 0101100101100000001011110010011001001101
0010111110010001011011001011010100111010 0010001011111001011011001011010100111010
1001110110100111011111110100110010100111 1001110111111101001110110100110010100111
1000010000000001000100111010111010010010 1000000000100001000100111010111010010010
1100100001111100000100110111011010101111 1100100000111110000100110111011010101111
1011011111110110110111101100101010011000 1011111110110110110111101100101010011000
0111110000011111101000011000001010111110 0111111010000110000010101111100000111110
0110000001101100100011110100001011100001 0110110000001100100011110100001011100001
0110000011100000000001100001000111101110 0110000000000110000011100001000111101110
0111001001101110010100101101010010110000 0111001010010110101001011001001101110000
1111011101000001101000010001000110010110 1111010000011011101000010001000110010110
0011111000001100101100000001110010011111 0011001011000000011111000001110010011111
1011011110000011101001011111100101000000 1011110000011101001011011111100101000000
0001011100110111110001111001010000000100 0001111001010000000101110011011111000100
1101111010000011101111001101100000001010 1101000001110111101111001101100000001010
0001001111110001011111010001101001011101 0001011111010001001111110001101001011101
0010011111111011101110111101100001001110 0010011101111111101110111101100001001110
0100100111110000010000110000111010011101 0100111110000010010000110000111010011101
0011110101011011011101100001111100000110 0011111000001111010101101101110110000110
0001100011111110001100010100000100011010 0001111111000110001100010100000100011010
0011000001110000011001101000000011111010 0011100000110000011001101000000011111010
0011111011101001010101101000000010111000 0011101001010101101000000010111110111000
1101111110011010011011111010000001000111 1101001101111110011011111010000001000111
1101111100000111000001000011110011010110 1101110000010000111110000011110011010110
1010100000010101111101000110100101101010 1010000001010101111101000110100101101010
1000000001110100011101000011111010100101 1000111010000000011101000011111010100101
0101101001001001011010111101000010000111 0101101011010010010010111101000010000111
1001101011111000011010000011010000110100 1001101000001101011111000011010000110100
0011110000011101111100001110010010100000 0011101111100001111000001110010010100000
1000011111000000011001011100111011100110 1000001111100000011001011100111011100110
0111110000011110011101010000000000111100 0111100111110000011101010000000000111100
0011000111111100011111101100100111010001 0011111110001100011111101100100111010001
0110101011010000001011010011110010111010 0110100000010110101011010011110010111010
0011011101111111101000000111100010001001 0011011111111011101000000111100010001001
0000100011111100011110001111000111001010 0000111111000100011110001111000111001010
0010111110010001000111111100111011001011 0010001011111001000111111100111011001011
1100000111000001000011010101101000001001 1100000100000111000011010101101000001001
1011111000001110001010101101001001110010 1011100010101011010010011111000001110010
1010000111110111110101000010111010110100 1010100001111101111101000010111010110100
1111000001111100010011001001101110011101 1111100000111100010011001001101110011101
0101110111101011001110111101001101011100 0101100111011110100110101110111101011100
1110011111000011111001111010010110111000 1110000111110011111001111010010110111000
1000100000000100000000101001100001101011 1000000001000100000000101001100001101011
0110010000001010011000000001101011111101 0110000000011001000000101001101011111101
1000001111100000011100011100000111001010 1000000111000001111100011100000111001010
1100101000000111000010100111010000101000 1100101001110100001010000001110000101000
1100100000101001101001010111111111000110 1100110100100000101001010111111111000110
0100010101001010100100010110110100010000 0100101010001010100100010110110100010000
1110111110110000011100001001000000100000 1110110000011101111100001001000000100000
0100001000111110100101001011001000110111 0100011111010000100101001011001000110111
1010110010111001000000111001111000000011 1010110010000001110010111001111000000011
0011010000010110110101000111110111110101 0011011010000010110101000111110111110101
1101101011100101011110110110010111000000 1101011100101011110110110110010111000000
1010110011010110011111110100111100111100 1010110011111110101100110100111100111100
0010111110100101011010100101111010110110 0010101101010010111110100101111010110110
0110011000001111100101001010111111010101 0110000011111001100101001010111111010101
0011111011111101010001111000000010100010 0011111101010001111101111000000010100010
0100101111111111010010011011111101001000 0100100101111111111010011011111101001000
0110001010001100110000010010101110011111 0110011000101000110000010010101110011111
0110101010111011101100111111001011100111 0110111010101011101100111111001011100111
1001111111100000111100000111010011101000 1001111000001111111100000111010011101000
0101110000011100010111111000101101101011 0101111110001011100000111000101101101011
0110101111100000010100101001110001110001 0110100101011111000000101001110001110001
0011110001001101011000100010111101010111 0011110101011110001001101011000100010111
0100111110001111101111100000001010000000 0100111110111110001111100000001010000000
0001001001111110010111000001111001111010 0001001111110010010111000001111001111010
0111010000001101011010100100100000100110 0111010110100000011010100100100000100110
1101010110011000000011000111110000110011 1101010110000000110011000111110000110011
0111010001101110100011000000111000101000 0111010001100000011101000110111000101000
1101101000111000101111110000001100111111 1101101000101111110001110000001100111111
0101011111101010100000010111111001011001 0101111110101010100000010111111001011001
0100011111011111001111011011010110010101 0100011111001111101111011011010110010101
0111110011111011101101101110000010001100 0111110111110011101101101110000010001100
1000011111100000000010000110111000101111 1000000000100001111110000110111000101111
0100010011100000111110000011111011110110 0100000111110001001110000011111011110110
1100100100000001001110100100110000010111 1100100000001001001110100100110000010111
0101011111010000010010100010110111000001 0101111101000001001010100010110111000001
1010001000111111000010101111100101110000 1010001111110001000010101111100101110000
0010000100000000010101111101011110111110 0010000000001000010101111101011110111110
1110000011111011110101111011010010000101 1110111100000111110101111011010010000101
0001111100000100011110110010000001000100 0001000111110000011110110010000001000100
0000100111100000110100101100010110000110 0000010011110000110100101100010110000110
1011011000000110110000010010000111111111 1011000000110110110000010010000111111111
1111100000111101000101001111100000010011 1111000001111101000101001111100000010011
0111111110011100111001010101011110010110 0111001111111100111001010101011110010110
1111011011000000110101100101000000001011 1111011000000110110101100101000000001011
0111111111000010001010111110000011111000 0111110000011111111100001000101011111000
1100100000111111111100100110100100111111 1100100100000111111111100110100100111111
0101000001101011101011111110010110000110 0101110101000001101011111110010110000110
0010100010100111001110010100100010110111 0010100111001110010100010100100010110111
1101000001101111111101010010101101101111 1101111111101000001101010010101101101111
0001111110001000101111011101000000001100 0001000111111000101111011101000000001100
0010111110001000010110111110100010011010 0010000101111100010110111110100010011010
0011000000011001101110011111001001101110 0011001100000001101110011111001001101110
1110000011111000000111001010100100100101 1110000001110000011111001010100100100101
0011111000001101100100111100111111100001 0011011001001111100000111100111111100001
0000011101011100000011000010001011000010 0000111010111000000011000010001011000010
1101100000110111101100110000011010010010 1101111011000001101100110000011010010010
1110100000111110000011111001001000110001 1110000011111010000011111001001000110001
0100000101010100111110001000101010101001 0100111110001000001010101000101010101001
1000110011111000111100111110001000001100 1000111100111110001100111110001000001100
0101000000010010010111110111100011100011 0101001000000010010111110111100011100011
0011101000011000001010000110000001111010 0011000001010000111010000110000001111010
0100000010011111101101001111111100001101 0100111111011010000001001111111100001101
1101101111111010011000000110101111100000 1101111111011010011000000110101111100000
0110101000000101010100101000010100101110 0110100000010101010100101000010100101110
1100110100100000101111110011010000000101 1100100000101111110011010011010000000101
0111011011111000001111110101100101011000 0111110000011101101111110101100101011000
1101001001111110010001001110100100100010 1101001111110010010001001110100100100010
1110000000111001110000011101111000001110 1110011100000001110000011101111000001110
0110011111000011011000100101011110110011 0110110011111000011000100101011110110011
1100000000001111100001100101101010010000 1100001100000000001111100101101010010000
0110110100000101100000110101010000000001 0110100000101101100000110101010000000001
0100010000000010010100110001011001011101 0100000000100010010100110001011001011101
0011011111111011101110110111100100100100 0011011101111111101110110111100100100100
0001100110000000110011100101011111011111 0001100000001100110011100101011111011111
0011000011011111000111110001011001101010 0011011111000110000111110001011001101010
1111000001111111101011110110100010001100 1111100000111111101011110110100010001100
0111010000010000001001111011101100010110 0111101110100000100000010011101100010110
0001111100000111011010001000100011001100 0001110110100011111000001000100011001100
0001111000111101111100111110100101101110 0001111011111001111000111110100101101110
1011110000010000011100100010011100010101 1011100100010011110000010000011100010101
0111110000011101010110101100100010001111 0111010101101011001000100011111000001111
1001011111010010011101101010011001001011 1001001011111010011101101010011001001011
0110011011111011011011000000000010100110 0110111110110011011011000000000010100110
0111111110111011100000100100110000111110 0111011111111011100000100100110000111110
0011001000000010010011111111010101001000 0011001001000000010011111111010101001000
1100101001011000101100100011010000100001 1100010110010100101100100011010000100001
0101111110101011011000010011101011111000 0101011111101011011000010011101011111000
0000011011000010101001000000101010111100 0000110110000010101001000000101010111100
1110010011101001011100001001011111011100 1110100101110010011100001001011111011100
1011001100010001100111001111001001000000 1011000100011001100111001111001001000000
0110100000010101000101111001011010010111 0110101000000101000101111001011010010111
0010011111000100000101001100100111100001 0010000010011111000101001100100111100001
1010010010111111111101000000110001111111 1010010111111111101001000000110001111111
1101010001111110001000011111101110011100 1101010001000111111000011111101110011100
0001000110110001010001111001010001111000 0001101100010001010001111001010001111000
0111010010101011111000001111101101000101 0111110000011101001010101111101101000101
1110000011100000110000100101100000000000 1110000011000001110000100101100000000000
1001010110111100111111010000001101111001 1001111110100000011011110010101101111001
0001100000100000111001101100000001101010 0001000001100000111001101100000001101010
0011111000001100000101011111000000001110 0011000001010111110000000011111000001110
0001000001111111110000000000110010110101 0001111111110000000000100000110010110101
0111111000001111100000111010101000110111 0111110000011111100000111010101000110111
0000011111000000001000101000011101011111 0000111110000000001000101000011101011111
1110000001110111011100000101001010100111 1110111000000111011100000101001010100111
0110100000111111110000011111111100001011 0110100000111111111000001111111100001011
1010001100000111010000100010010010111000 1010000100011000001110100010010010111000
0110011111100100101000001111101010011111 0110010011111100101000001111101010011111
1111010011101001111100110111001001110001 1111101001110100111100110111001001110001
1110011110110100000101101011001000000110 1110011110100000101101101011001000000110
1100001110111100000111110011001011011110 1100000111110000111011110011001011011110
0011001111111111010001111011101111000111 0011111111110100011001111011101111000111
0001111100000111111011110010001111110101 0001111110111100100011111000001111110101
1010000100000111110001110011001110011110 1010000011111000010001110011001110011110
0001011110000011010010101001001001010101 0001010100101111000001101001001001010101
1000001111100000001000010011100110001000 1000000010000011111000010011100110001000
1011111110110110001001010001100010010111 1011011111110110001001010001100010010111
1110001010000111001001000101111010010101 1110010010001011110001010000111010010101
0101100110101011010110110000001100101100 0101011001101011010110110000001100101100
0101101111111011001110100000010011100011 0101111111011011001110100000010011100011
1010110011100110101010010011110100111100 1010101100111001101010010011110100111100
1001001111110010000011011101101101101101 1001111110010010000011011101101101101101
0000100010000101110001110100001100011010 0000101110001110100001000100001100011010
1010000001010101101001101101001101001110 1010100000010101101001101101001101001110
1100111110000010010011011110100000001101 1100100111110000010011011110100000001101
0011111110011001110110100011100011010011 0011001111111001110110100011100011010011
0111111110100111010011100101010101100000 0111010011111111010011100101010101100000
1001111111001100111110111000100000011000 1001100111111100111110111000100000011000
0011111011111111110000111100101111010100 0011111111110000111110111100101111010100
0110110111111101101101100111011011000110 0110111111101101101101100111011011000110
1001010111001111011000101001110010100100 1001111011000101001010111001110010100100
0111100000111111100101001011001101011000 0111110000011111100101001011001101011000
1111100000111110000111101101000101011010 1111000001111110000111101101000101011010
0110100010001011000011001000100011100110 0110000110100010001011001000100011100110
0000011111000000010110100001000100101100 0000111110000000010110100001000100101100
1100000111110010110010111111011111000011 1100101100000111110010111111011111000011
0101011111101011100101110000011110000010 0101111110101011100101110000011110000010
0101000000101010011011001100001111011000 0101010000001010011011001100001111011000
1101111111011011001100111101001100101001 1101101111111011001100111101001100101001
0110011000010010110100100011001001001001 0110000100101100110100100011001001001001
1000001111100000101111001111110010101011 1000011111000000101111001111110010101011
1110000001110111000010000110101100100000 1110111000000111000010000110101100100000
0011111110011001110111101110100000011110 0011001111111001110111101110100000011110
0011011110100000111010101001000000010010 0011010000011101111010101001000000010010
1110100000101101101100111010001001010010 1110110100000101101100111010001001010010
1111010101111101000100111111110100101000 1111101010111101000100111111110100101000
0110001010100001101001010100001011011010 0110100101010000101100010101000011011010
0100000100000110001110011001101110111001 0100000110000010001110011001101110111001
1010101100110101011000110100000011111100 1010110011010101011000110100000011111100
0111111111011110111000001111111010011101 0111101111111110111000001111111010011101
1001110001111111100011011010111101111011 1001111111100011100011011010111101111011
1011111101010110011011000100110001100101 1011001101111110101011000100110001100101
1100001011101100000010010110100111010111 1100000101110110000010010110100111010111
1100000000111100011110010011100001101100 1100011110000000011110010011100001101100
0010111111101101101011011111111111000001 0010110111111101101011011111111111000001
0010010000000100101011100001000011111110 0010000000100100101011100001000011111110
0100110000001101100000011110000010100110 0100110110000001100000011110000010100110
0010010111110100100110100101001001110011 0010111110100100100110100101001001110011
0010100111110000000000111100100001110101 0010100111100100001111100000000001110101
1101000000110101101010001111010110000110 1101011010000001101010001111010110000110
1000100000001001010011011011100101101010 1000100100000001010011011011100101101010
1001110000010001111011111001110000101101 1001111011111001110000010001110000101101
1110110011011010100100010011100000111110 1110000011111011001101101010010001001110
0110111000001111011010000010101111101001 0110110111000001111010000010101111101001
0100111110100010011000111110101001111100 0100010011111010011000111110101001111100
0010000111110110100101110100110011110110 0010010111010000111110110100110011110110
1111100000110000011111011010111010000110 1111000001100000111111011010111010000110
1010000001010100000010011010000101001111 1010100000010100000010011010000101001111
1100000111110011010000011100010101111101 1100110100000111000001111100010101111101
1110111101111111110111111110101011010100 1110111111111011110111111110101011010100
0010000100111110010101010100010010100010 0010011111001000010101010100010010100010
1000001100000111000111011011011111101110 1000001110000011000111011011011111101110
0111110000011110001110100110110010110011 0111100011111000001110100110110010110011
