1000000100011011111101000000101010101111 1111010101000000101011111101100010000001
0001000101100100111111010100010010111011 1101110100100100010101111110011010001000
1110101000110110110001111001101001011110 0111101101001011001111000110110001010111
1101111001001010010000011000110110110011 1100110000010010100100110110110001111011
0111010101101101010100011111100010001110 0111000111111000100010101011011010101110
0011011111100001011011110000010110011111 1111100110100001111110110100000111101100
0010010010111110100111100100100010001101 1011000100010010011110010010111110100100
0010010010111110100111100100100010001101 1011000100010010011110010010111110100100
1001100011111110001110110011011011011000 0001101101101100110111000110001111111001
1110000011111000111011000111100001100111 1110011000011110001101111100000111000111
1110000011111000111011000111100001100111 1110011000011110001111100000110111000111
1110000011111000111011000111100001100111 1110011000011110001111100000110111000111
1100001011001001001011000011011101011011 1101101011101001001001101100001101000011
1011100000111000111001101111101000110111 1110110001110000010111110110011100011101
1111101110111111001011010010101101010011 1100101101001010110101001111110111011111
0101011000100111101011000010011111010001 1000011010111100100010111110010001101010
1001001100011011101111100111110101110011 1100111010111110111110011101100011001001
1011010011001011110100001101000010011011 1101100100001011110100110010110000101101
1001010001000101110101111110111111111011 1101111111110111111010111010001010001001
1000000111111000000000000010001111000110 0110001111000000000000011111100010000001
0010101000011000110001000100011010111110 0111110101011000100010001100011000010100
0011101111101111000101000111101111111100 0011111111011111011110001010001111011100
0011101111101111000101000111101111111100 0011111111011111011110001010001111011100
1011100110100001000100101110111110011110 0111100100010000101100111110111010011101
0000101101100100111011010011110000111000 0001110000111100100101101110011011010000
1100111011110011001100000001101010001101 1011000101011001100000001100111101110011
1101001001101001101000010101111000101000 0001111010100001010001011001011001001011
1010000100100001001100100111100000100101 1010010000011110010010000100110010000101
0111010010011110111101001101011010110011 1100110101101011001011110010010111011110
1000100110001011100111100000100110010001 1000100000111100111010001100100110010001
0100110101011001010000001101100100011100 0011011000000101001110001001101010110010
1100100111110110100000101000001100010011 1100100100011000001010000010110111110011
1100000001011110101000001111100010100000 0000010100010101111010000000111110000011
0011111111000110101101100011110010110011 1100110100111100011111111000110110101100
0100011101011010010011110101001111110011 1100111111001010111100101101011100010010
1101100111010110010100011101001001110100 0010111001001101011100101110001010011011
0001011111100111000111000000010100101000 0001010000000111000111001111110100101000
0001011111100111000111000000010100101000 0001010000000111000111001111110100101000
0110111011011100101111100000111110110110 0110110111111000001111010011101101110110
1010111101100110001101011100101010011001 1001100101010110001100110111101001110101
1110000001101001100010001001011111101000 0001011111101000100100011001011000000111
1111110010101110110111111101010011111011 1101111100101011011111110111010100111111
0001011100101111000010100000010110001001 1001000101000011010000001111010011101000
0001011100101111000010100000010110001001 1001000110100000101000001111010011101000
0001000111101001011011001100001101111011 1101111011000011011001101001011110001000
1000011111011101010000010011000110111001 1001110110010000010101110111110001100001
1101011101010010111111011110010101111001 1001111011111101001111010100101011101011
0000010100100111111001001010100010000001 1000101010010011111100100101000000100000
1101000011100000111110011010001111011011 1101101111100000111100010110011100001011
1000011001111100001101101101111001010110 0110101001111011011000011111001101100001
0111110001101110100101101001001101110010 0100111010010111011001001011011000111110
1101001111010101001111110110000001000001 1000001000000110111100101111110010101011
1110100000111101010011011011010101100010 0100011010110110110010101011110000010111
1101001110001010101001101111001001001111 1111001010101000111001001001111011001011
1010110101011001111101100010010101101100 0011011111001101010110101001000110110101
0100000011111011001011010000111101111010 0101111000010110100110111110111100000010
0110101010000111010110100100000010001100 0011000100000100101101011100000101010110
1101101011110111001010010101001100101010 0101010010100110010101001110111101011011
0001000001011011001000010001010101111110 0111111010101000100110110100000100001000
1111010111100101101110101110110101010110 0110101010111011010011110101101110101111
0100001100110011011010111010000101110101 1010111010111010000101101100110011000010
1000101000111001001011001110011010000110 0110001010000101100111001101001001110001
0111110100110001101100001010101110111110 0111111011101010100001101100011001011110
1000101100110100101000011010001011111011 1101000101100001010010110011011111010001
0101001011101011111010101010000011111011 1101111101011100000101010101111101001010
0010011100111101011110011010100001111110 0111111000010101100111100111010111100100
0001100000001001000000011100101000011000 0001100000001001000000011000010100111000
0111001111000001111111100101001101010011 1100101011001010011111110000011111001110
1001101111100000101010000001000000110100 0010110000001010100000010000011111011001
1111100110011110110100001100100011001000 0001001100010011001100001011011110011111
0101011110000110010011101000100111111001 1001111110010011000011110010001011101010
1001111101011111111010111011000110001000 0001000110001101111111101011101011111001
1001111101011111111010111011000110001000 0001000110001101111111101011101011111001
1001111101000010010111001110101101011001 1001101011100111010110100100001011111001
1010010010011111011111100100000111110000 0000011111000010011111101111100100100101
1001011110111100100100111101101101111100 0011111011011110010010011110110111101001
1000000011101010100010011111111110000011 1100100010101011100000111111111100000001
0100101111100111010010110110000000100111 1110010111001111101001000000011011010010
1001000111100101000110101011011001000000 0000001001101101011000101010011110001001
1111011000111000001101011101010010100001 1000010100101011100011011101011000001111
1111111110111111110010111001101010111010 0101011101011001110100111111110111111111
0000110100011110100000010111011011110100 0010111101101110100010110000001011110000
0110111110010111101000010101011100100010 0100010011101010000101111010100111110110
0100001100110111001001000111110000011100 0011100010010011100000111110110011000010
0100100010000001101111100001000001000001 1000001000001000011111011000000100100010
0101001101000101111010000001110001110111 1110111101000101110001110000001011001010
0101011100001011001010111111001011110111 1110111101010011010000111010011111101010
1111111001011011000100000001001001100000 0000011001000000010010001101101001111111
1101100111101110111001101001111110000011 1100000111110010110011101110111110011011
1111100101100010000011001111010101110001 1000111010101111001101001100000100011111
1111101010001101001000011000011001001111 1111100100110000110000100101100010101111
1001011011101100111001100101101001111111 1111111001011010011011101100111001101001
1110010010011110110110011010001101101110 0111011011000100101100110110111100100111
1000101000001000111101111110111010101110 0111010111011111101111000100000101010001
0111111101010100000011101110101110111110 0111110111010111000000101010111011111110
1011000010000001010000001110100111010101 1010101110010111000000100001010000001101
0111010110011001010110111100100111010000 0000101110010011110110011010100110101110
0001100010011010001110100110010010111011 1101110100100110010111001000110001011000
1111100010001010001110001001100111001111 1111100111001100100011100010100010001111
0001001101101000000111100001100100011111 1111100010011000000101101100100001111000
0010000011111100000111100100011111000100 0010011110000011111100000100011111000100
0010000011111100000111100100011111000100 0010011110000011111100000100011111000100
0011000001000001100000000010111100000110 0110000011110100000000010000011000001100
0010110000110101111010100111111000110100 0010110000110001111110010101111010110100
1100000101000000101101010101111111000001 1000001111111010101101000000101010000011
0010110110111011111111011001001101100100 0010011011111111011101101101001101100100
0100001100111000111110100010010010010111 1110100100100010111110001110010011000010
1010001000010111010001100110110001110000 0000111000110110011000100010111010000101
1111000000001001000101110101111000001111 1111010111010001001000000001111000001111
1111000000001001000101110101111000001111 1111000001110100010010000000011110101111
0010111001000100011010110100010101011011 1101101010101100010001001110100010110100
0100111001001000100101101010011001100100 0010011001010110011010010001001001110010
1100000001111100000110101011110001110110 0110111000001111100011110101011000000011
1100000001111100000110101011110001110110 0110111000001111100011110101011000000011
1011000001111000001101110110011101110111 1110111011100110110000011110000011011101
0111000000000010101010011011100111011111 1111101110110010101010000000000111001110
0000111111010111001101110101011100100000 0000100111010101110110011101011111100000
1010101111100110111100011001101011111101 1011111101010110011000111101100111110101
0000000011000111100011100000100000000001 1000000000010000011100011000111100000000
0000000011000111100011100000100000000001 1000000000010000011100011000111100000000
1111110010100101110000101110110111011001 1001010011011101101110100001110100111111
1101001010001110000100011000001111100101 1010011000100001111100000111000101001011
1001001001011100000100011111111100011111 1111100010000011100011111111101001001001
0001111011000010011011001111010100101101 1011010010101111001000011011110011011000
0010111110111110010101100111011011000111 1110001101101111101110011010100111110100
0010001000000001011100101101011111000110 0110001111101011010011101000100000000100
0011010010010100100010011000001110010000 0000100111001000100101001001011000001100
0010100010100000111110000000111000111011 1101110001110000000101000111110000010100
1001111100001100000000010100001001110111 1110111001000000000110000101000011111001
0001011001100000001010111110110100000000 0000000010110011011111010100000001101000
0011011010101000010101001010000101101100 0011011011010000101001010100001010101100
1100010111111000000001010001010110111001 1001110110101000000001111110100010100011
1111000001100110101111100000111110010100 0010100111110101100110000011111000001111
1111100000110101100100010100110111011000 0001001101011000001101110110010100011111
0111101111010001100111101011011101001100 0011001011101101011110111100110001011110
1011011110101010101000001110001001101101 1011011110110010001110000010101010101101
0000000010111000101000001100010101010101 1010101010100011101000110000010100000000
0000000010111000101000001100010101010101 1010101010100011101000110000010100000000
1010001000111001010011000110000100101111 1111010010000110010100110001110001000101
1100011010000110100101010110110001001111 1111000010110010001101101010100101100011
1000001000010110100000100101011111110110 0110111111101010010000100000101101000001
0011111011010110011111111111011111000000 0000001111100110101101111101111111111100
0011111011010110011111111111011111000000 0000001111111111100110101101111101111100
0000000000111000111000111111110010001000 0001000100111000111111110001110000000000
0100100111010111101111110110001100001001 1001000011000110111101011111101110010010
0011001111111001111110011000101000111011 1101110001010001100111111001100111111100
0010110010111000001001000001010010001000 0001000100101001101000001001000001110100
1100011111101100111001000001000100101100 0011010010000010001001110011011111100011
0110111110110011010110010010110101010110 0110101010110100100110101101111101100110
0001001100010111000111100110110101101111 1111011010110110011110001100100011101000
1011001010111000011111011111110110101001 1001010111111101101111100001110101001101
1011000110010111000010001111011100001011 1101000011101001100011011110001000011101
0101000000101010000000011100110010010001 1000100100110011100000000101000000101010
0110101110101011111110010011000001111100 0011001001111100000111111101010111010110
0111001111111001011111111111011101010011 1100111111100101011101111111111101001110
0101100011111101011111010010101111110111 1110111110101111110101001011111100011010
1111001000000111100101101110111110011000 0001100111100000010011111011101101001111
1000001000011100111011001101111001010111 1110110011010100111101110011100001000001
1110010110101000000010101100011111101110 0111011111100011010101000000010110100111
1011111100101111101010011001110110001111 1111000110010101111101001101110011111101
1100111100111000000000001010111001100000 0000011001111001110101000000000001110011
1100111100111000000000001010111001100000 0000011001111001110101000000000001110011
1001111100010101100001001101001010100000 0000010101010010110010000110100011111001
0110101100011101110110111010101110110110 0110110111010101110111011011100011010110
0000110011011101101001100110001001111001 1001111001000110011001100101101110110000
0101000001000110111110100100011000101010 0101000110001001011111011000100000101010
1010010111111101010111100101101001000101 1010001001111010101111111010010110100101
1011001000111100001100001011111110100011 1100010111111101000011110001100001001101
1111011001111001100000100111101011000011 1100001100111100110101111001000001101111
1000100100000001010110100101011101110110 0110111011101010010110101001000000010001
1001000110101011010011010000001111001110 0111001111000000101101010110010110001001
0111101111111110111110000001110100101000 0001010010111000000111111111011111011110
1001000010000011111001111000011111011001 1001111100000100001001101111100001111001
0100100011010111110000011101001110010011 1100100111000001111100101110101100010010
0011110010111001011110110001101110100001 1000010110001101110111101001110100111100
1011010000010110110100011010110101110011 1100111010110101100010110100000101101101
1011010000010110110100011010110101110011 1100111010110101100010110100000101101101
1011010000010110110100011010110101110011 1100111010110101100010110100000101101101
1001011010011011001111100001101100100100 0010010011011000011111001011010011011001
0000110111001111011011011001100110100000 0000101100110011011011011110011101100000
0010100001000001110000000101001111000001 1000001111001010000101000000011100000100
0001111001001001011111010010001101010111 1110101011000100100101111101001001111000
0000010111100111011101100110011000001001 1001000001100110111011100110011110100000
0100010011100000111110010000110010000101 1010000100111110000011000010011100100010
1001110101010110001001001001100000111001 1001110010010010001101010101110000011001
1111010011000001011001110101110100011111 1111000101110101110011010000011001011111
1101001001010110101101110111000001001011 1101001001000001110111011010110101001011
1011110010100111101011000010100110000000 0000000110010100101000011010111100111101
0111101111000111010010100110011111001001 1001010010011111001100101110001111011110
1111110000101101010001010110100000111111 1111110000101101010001010110100000111111
1111110111010101100101100000000001111101 1011101111100000000001101001101010111111
1011000101100101111000010111001001010111 1110100001111010100100111010011010001101
0000001010011111011010001100110011100010 0100010110111110010100011100110011000000
1101110011011001110011000010111000011101 1011100001110011011001110100001100111011
0011001001010011101110000000000111110010 0100111011100101001001111100000000001100
0011001001010011101110000000000111110010 0100111011111000000000011100101001001100
1011010000001010100001110110101001101000 0001011001010110111000010100000010101101
1101111010101110111001110101101011110101 1010111101011010111001110111101110101011
1111000001100000011000100010111101100100 0010011011110100010000001100011000001111
1000110100010101101011011010010101100010 0100101101101011010100011010100010110001
0110101011001010111100111111110011101110 0111011111111001110011110101001101010110
1001000101100101010000001111010000011010 0101100000101010011010001011110000001001
0111000111101110100011011000011010011101 1011100101100001101110110001011110001110
1011011000000110111110010111010010010011 1100100100101110100111110110110000001101
1101011001001110110001111000111000111110 0111110001111000110111000111001001101011
1101000000100000110000011100111001011110 0111101001110011100000100000110000001011
1101000101110111011010110110110101000001 1000001010110111011101000101101101101011
1011001110001111101110011111101101001101 1011001110111110001110010110111111001101
1000100001100001001010100000001110111001 1001110111000000010000110000101010010001
1010111011010110000000001111000101011001 1001101010110111010001111000000000110101
1101001010101010100010010001001101001011 1101001011001000100101010101010010001011
1110010100111100111011011111110110110100 0010110110110111111101110011110010100111
1110010100111100111011011111110110110100 0010110110110111111101110011110010100111
1110010100111100111011011111110110110100 0010110111111101101101110011110010100111
1011111111011110101010001011010001101100 0011011000101111011010001010101111111101
0011010111111011100101110111111101101100 0011011111110111010011101111110101101100
0011111000110110000010111110110000111110 0111110000110100000110111110110001111100
0001111100110100111101100000111000010110 0110100000110111100101100111110000111000
1000111101000000001000100110111111101001 1001011111110110010000000010001011110001
0000110110010011001001010101101000001001 1001000001001100101101010100100110110000
1101100111101000011001000110110110000001 1000100110000001101101100001011110011011
1000011101100111110010101000010000100001 1000010000101010011111001101110000100001
1000011101100111110010101000010000100001 1000010000101010011111001101110000100001
1000011101100111110010101000010000100001 1000010000101010011111001101110000100001
1100101000011111110001001001110100001010 0101000010111001000111111100001010010011
1000001010111110111111100101101000011011 1101100001011010100111111101111101000001
0011100011100110100101100011111000000110 0110100101100000011111000110011100011100
1000101011010110001011101111111101110001 1000110101101010001110111111110111010001
0101000010010100110111100011101111111100 0011111111011100011110110010000101001010
0110110001010111000111100111010111011101 1011101110011110001110101000110111010110
0001000010011001101100100111111110001110 0111000010001111111100100110110011001000
1100001111100100001011001111011011001011 1101000010011011011110011010011111000011
1111011011111011111101010101100011001010 0101001100011010101011111101111011011111
1101101110011100111111110010011011101000 0001011101100100111001111111100111011011
1100111110000011110110011010011111110010 0100111111100101100000111110011011110011
0101100010110101011101100001101100010000 0000100001101110101011010001101100011010
0010101000000011001001110110100000111000 0001110010011000001011011100000001010100
0110111111011001111111110100011110100110 0110111111011001011110001011111111100110
1000001000111101110101011111101000010101 1010100001011101111110101011110001000001
1010001001101101101001010001000000100000 0000010000001010010110110110010001000101
1011111100100101010000001010110001111100 0011111000110101010000001010010011111101
1011111100100101010000001010110001111100 0011111000110101010000001010010011111101
0111010111111111110011011100001011011100 0011101101000011111111111010111011001110
1101001000100011110111100111001101100101 1010001001101100111001111011110001001011
1010001101001110000010110001010001100110 0110011010000011100101100010100011000101
0110001011000001000011101101111000000000 0000000001111011011100000100001101000110
0101101100111010011101111110001110001000 0001000111111011100101110011100011011010
0011000110101011111101011010100011110110 0110111100010101101010111111010110001100
0011001010100000000100010001011111001101 1011001111101000100000000100010101001100
1011001010000000000110011010101010101011 1101010101010110011000000000010101001101
0011100101111010110100110101101110111110 0111101110110101100101101011111010011100
1010011111010101000011001001000000010000 0000100100000001001100001010101111100101
0000010101110000101101110111100011010100 0010101100001110101000111101110110100000
0101111100110110011100111010101101111001 1001111011010101110011011001110011111010
1101101001011100010110100100011111001110 0111001111100010010110110100011101001011
1101101010001111001011111100100110110010 0100111111010011011001001111000101011011
0000000011111100110110000011101111101111 1111011100000110111110110011111100000000
0011101011001101111111010010111010110100 0010110011010111010010111111101101011100
0100110000010010110000010100001000110110 0110110001000010100000011010010000110010
1110111111010011111010100000111111000001 1000001111110000010101111110111110010111
1110111111010011111010100000111111000001 1000001111110000010101111110111110010111
1010010100110111110100000011110111101111 1111011110111100000010100101111101100101
1011100001010010111110100010101011011110 0111101101010111110100101000101000011101
1101010011000111100100101011010011010010 0100100101100101101010011110001100101011
0111100000101000011101000001100110000100 0010000110000010111001100001010000011110
0111100000101011101100011111010000101011 1101010000110111010100000101111100011110
1101101100011100101101111110110011110011 1100111111011010011110011011100011011011
1110011111010100000000001000000111011110 0111110111000000100000000001010111100111
1011001011111001111000011111011001001101 1011001001111101001101111100001111001101
1000001111001100000010101100101111001011 1101001111010011001101010000001111000001
0110101011111110110111111101010101110100 0010111010101010111111101101111111010110
1000010111011011100010011000000000101011 1101010000000011001000111011011101000001
1100011000001100010110101111000000010101 1010100000001111010110100011000110000011
0001000110000011111001001010101100010110 0110100011111000001101010100100110001000
0100001010110010000000100100100001001010 0101001000010010000000100100110101000010
0101110000011111011111000000111000001110 0111000001110000001111100000111011111010
0001010000100111001100101110110011001011 1101001100111001000010100110011011101000
0011001100001010011111011101011110101100 0011001101011110101110111110010100001100
1011111011110100001010000101011111000001 1000001111101111101010000101000010111101
1101111010100001100010010101011001011011 1101111011010011010101001000110000101011
1100100011101011011111110111011100001110 0111000011101110110111111101011100010011
0001011111111011101100100110111011101000 0001011101110110010011011111111011101000
0111101110110011111010110010000110011000 0001100110000100110111010111110011011110
1001101010000111110111111011010100100000 0000010010101011011111101111100001011001
1100001110111101100001110100000011010001 1000101100000010111101110000110111000011
1010101011010111110000011100000100010100 0010100011100000100000111110101101010101
0100011011101000101000101110101111110100 0010111111010001010001011101011101100010
1001100000100000110101110111011101000111 1110001011101110111010110000001000011001
0111110011100110111011000110010000011000 0001100000100110111011000110011100111110
1101100100100000111111111000001010011011 1101100100101000001111111110000010011011
1101100100100000111111111000001010011011 1101100100101000001111111110000010011011
1101001010010000001100100111100111000010 0100001111001001110011000000100101001011
1001111101100001111100101011011111010001 1000101111100001101111101101010011111001
1001111101100001111100101011011111010001 1000101111100001101111101101010011111001
0010010000111110001000010011000001111100 0011111000001100100001001000111110000100
1011011111001100100101011000000111110111 1110111111000000110101001001100111101101
1000001010100000110010111011101011111010 0101111101011101110100110000001010100001
1111100000111110011100100001110011001001 1001001100111000010011111000001110011111
0011100011101101101101000110010110111100 0011100011110110100110001011011011011100
0011101010000111000001000001110001101111 1111011000111000001110000010000101011100
1101100110000010011110000011000010011011 1101100100000110010000110000011110011011
1110001101111110101101001000110000111110 0111110000100101101011111101100011000111
0100111100000001010100000011110011110010 0100111100000010101000000011110011110010
1100110011110101101010111111010000101111 1111010000101111110101101010111100110011
0100000111100000010111101011111011001101 1011001101111101000000111101011110000010
1110000001111100000111101110101101111010 0101111011010111000001111101111000000111
1110000001111100000111101110101101111010 0101111011010111011111000001111000000111
1011111101001001100011001000000100001000 0001000010011000110010000001001011111101
0001111110001000000010010001000011011011 1101101100001000100000001001000111111000
1000110100111100000100110000010010110001 1000110100100000111100100000110010110001
1000110100111100000100110000010010110001 1000110100100000111100100000110010110001
1111110111101100000110101101101110011101 1011101101101011000001101111001110111111
1111000111011100001101000110110100100101 1010010010110001011011000011101110001111
0111110101011110100111110000101111010100 0010101111010101111010000111110010111110
0100011110000011000101101101011011100010 0100011000001110110101101101000111100010
1111001011111111010110101000111100101100 0011010011110001010111111110101101001111
1100110110000010001101100011010111011010 0101101110101100010001101100000110110011
0101101010111100001000001110111110000101 1010000111110111000001000011110101101010
0010101001101011010000011001010100111110 0111110011000001011010110010101001010100
1001101111100000101110110111101000011111 1111100000101111011011101000011111011001
0001100110101110001110001110101101111100 0011111011001101011100011100011101011000
0001000111011111110000010111000000110001 1000110000001110111010000011111110001000
0011000100001100101010101010100010100001 1000010101010101010011000010100010001100
0101000000000010100100011100100001001010 0101000000000010100100001001110001001010
1101011111110010110111110110101010011011 1101101111101100101010110100111111101011
0010110010110011011000010000010101001001 1001001010100000100110100001101100110100
1111100110100111001101011001101101100011 1100011011011001101011001011001110011111
0011101111101111111111011101000100100111 1110010010001011101111111111011101111100
1001011001011011011110001001001111101010 0101011111001001101001000111101101101001
1011110011110000010010100000001100100111 1110010011000000001010010000111100111101
0000101001011001111101000100010110110000 0000110100010001011111001101101001010000
1110110001010010001011110101000011011101 1011101100001010001001010111101000110111
0010001100010111010111101110111100010000 0000100011000111101110111101011101000100
1111011111111011101001010101001001000111 1110001001001010101001011111111011101111
0101100001110011110000011001001101100110 0110011011001100000111100100111000011010
1111101000010010000100000000010010010000 0000100100000000010000100100100001011111
1101111111011100000100110100110000000001 1000000000011001011001000011101111111011
1001101001110111101010110000010111110111 1110111110101000001101011110111001011001
1000110100110101001101010110000010111011 1101000001101110101011001010110010110001
0101110111010010111011001000000111010001 1000101110000001001101110111010010111010
0110100011100110110101101100111111111111 1111111111110011011010110011100010110110
1101100101111111001011001011010001010100 0010101000101101001101001101001111111011
0111111101100000110110000111110000010101 1010100001101100000111110000011011111110
1011010110010111100110111101010101111110 0111111010101011001111010011010111101101
0000011110011001011111001100111100001010 0101000011111010011001111001100111100000
0100000110111000110011000111011111101110 0111011100011001100011101111110110000010
0100000110111000110011000111011111101110 0111011100011001100011101111110110000010
1001100100010000100010011100000110010000 0000100110010001000010001001100000111001
0110011101101101101001010100110111101110 0111011001010100101101101101110111100110
1000100101101101111001010110100101010000 0000101011010100101001111011011010010001
0000001011111110110010111101010010011001 1001100100101011110111111101001101000000
1001101000110100000000110101100100100100 0010010010011010110001011000000001011001
1001110000011101100001101110011000001111 1111000001100111000001110110000110111001
1001110000011101100001101110011000001111 1111000001100111000001110110000110111001
0101110111001101100000111100010010101010 0101010010001111000001101100111011101010
0101101110110110101101110110110101110001 1000111011010110110111010110110111011010
1001001111110010000110010011111100011001 1001100011111100100110000100100111111001
1111100110110010011011010000111110101100 0011011001001101011111000010110110011111
1010111111010100000001100001001000011101 1011100001001000011000000010111111010101
0010111001101110001101111111100100000100 0010011111111011000111011001110100000100
0110110001001011101010011001101010011000 0001100110010101100101011101001000110110
0101010101101111111011010011011001011000 0001101001101100101111111011011010101010
0110110001110001101100010110010010100010 0100010100100110110001110001101000110110
0001011010101011011001010111011001110110 0110111001101110101001101010101101101000
1010011001011000000101101001111111111101 1011111111111001100101101000000110100101
1010000111110000001000001101101101011000 0001101011011011000001000001111100000101
0110000011001111100010010010100111000110 0110000011000111001010010010001111100110
0000001110001110000111000101001001001110 0111001001001010001110001110000111000000
1011100110100001100101111100010111010100 0010100011111010111010011000010110011101
1001110000010010000000101110101111111100 0011111111010111010010000000100000111001
0100111100011111000001111011001000001001 1001000001001101111000111100000111110010
1111111110101011000001110010101111110010 0100111111010101001110000011010111111111
1100000011010010011000111000000101111111 1111111010000001100100101100000011100011
1100001100011011011101001100110101100000 0000011000011010110011001011101101100011
1010011110101110110110100000101011010111 1110101101000001011011011101010111100101
1111110101101010010110000001101010101010 0101010101011010110000001101001010111111
0010111110010011101111011010011000001001 1001000001100101111011011100100111110100
1011001001111000100000000010001111110111 1110001000000000100011110111111001001101
0100110111001100011110000010001000100010 0100010001000001111000110011101100100010
1100001011001010000010010101010110000011 1100000110101010100110100100000101000011
0101101100010000111010111111011000001001 1001000001101110000100011011111101011010
0010111111111001111001110010000010010111 1110100100000100111001111111110011110100
1000110000000101011001000101111001100101 1010011001111010011010100010000000110001
1000010101001110011100101110000011100000 0000011101001110011100101010000111000001
1101101000001000001111010101100010010011 1100100100011010111100000100000101011011
1010011010111111011111101000010100110100 0010110010100001011111101011111101100101
1000011001110011001001010010001111100001 1000100101001001100111001100001111100001
0101111110101010101000110001001011100111 1110011101001000110001010101011111101010
0110101000110110010101111001011000001100 0011000001101010011010011110110001010110
