0100010100111011110000011111000001111000 0100000111110001010011101111000001111000
1110010110110100001111101011001101000001 1110010110100001111101011011001101000001
1010000010111101011001011000001111100011 1010000011111000001011110101100101100011
1101001000000011101000101111111010100011 1101000101111111010010000000111010100011
0100000110000010000110101101111000110110 0100000100000110000110101101111000110110
1011111101010111000110111011110100110110 1011100011011111101010111011110100110110
0000110111011101100010001011000101011000 0000100011011101110110001011000101011000
1001000000010010010011110001000101100000 1001001000000010010011110001000101100000
0110011000000011010010101011111000110001 0110000000110011010010101011111000110001
0010001100000000110001111100000101000001 0010000000011000110001111100000101000001
1000001010011100000111110000100111110011 1000001111100000101001110000100111110011
0001101100000001110000000100101010011110 0001110000000110110000000100101010011110
1011110000011111100100001101000000001000 1011111000001111100100001101000000001000
1011101110000001110110101010011111110000 1011100000011101110110101010011111110000
0100001000000000100100001101110000100101 0100000000010000100100001101110000100101
0101101111100000111000110011111111000101 0101101110001100111110000011111111000101
1010111111010101000011101110110110001100 1010101111110101000011101110110110001100
1000101111110101011101100110100101111001 1000101011111101011101100110100101111001
1001001110101010100011100011010110000110 1001001110001110101010100011010110000110
1010110010111101011000000010111101001001 1010110000000101111010110010111101001001
1001010100101111110100100100100100011000 1001011111101001010100100100100100011000
1011010100000010100010100110001011111010 1011010000001010100010100110001011111010
0101110000000000100000110001111111110100 0101110000011000000000010001111111110100
0010001111100000111011101100111011101110 0010001110111011001111100000111011101110
1110011000100101001110000011111010110000 1110000011111001100010010100111010110000
0010100000010101101000110111111001110100 0010101000000101101000110111111001110100
0001111110001000100100010000100001011000 0001000111111000100100010000100001011000
1010100000111110010010001100011011001000 1010100100000111110010001100011011001000
1010111011001110110010101001010100011001 1010101110110011101100101001010100011001
1001111100000110101011001110011010110000 1001110011111000001101010110011010110000
0100000101111001000001111100001100110000 0100000111110000010111100100001100110000
1101101111111011011101010100001001001101 1101111111011011011101010100001001001101
1001001111110010100110110000011110110100 1001111110010010100110110000011110110100
1011001101010111000101000111011010011011 1011100010100011101100110101011010011011
0000111110000000110011001100101100001100 0000011111000000110011001100101100001100
0010000000100101101000100011111001100001 0010010000000101101000100011111001100001
0001111100000000001101100001101100101101 0001101100001111100000000001101100101101
0011001011110010111001111110010011101001 0011111100100110010111100101110011101001
0010110000000010110001001100101000110010 0010110001011000000001001100101000110010
1101111111110111101000010110100000111001 1101111011111111101000010110100000111001
0111101001100011010111110000011100010011 0111110000011110100110001101011100010011
1001111001111111110011100011111011111010 1001111111110011110011100011111011111010
1110111011111111010111001001010101010010 1110111111110111010111001001010101010010
0101000011111000000010101101111001110000 0101010000111110000000101101111001110000
1111100000111101110111101011011001011011 1111000001111101110111101011011001011011
0001101010111111010010001010100101001111 0001101011111101010010001010100101001111
0001000000000010000010000011101101110111 0001000001000000000010000011101101110111
0100000110000010000011100101011101101110 0100000100000110000011100101011101101110
1101001000111110000100101101110000011000 1101000111110000100100101101110000011000
1011011111110111011001000011000111010000 1011111110110111011001000011000111010000
0100111011001000110011100001110001100110 0100100011001110110011100001110001100110
0100110111001010001111111111111110000011 0100111111111111111000001101110010100011
0110111110000100000111101100000011101010 0110110000001110111110000100000111101010
0000011011111100101111111101100010100111 0000011011111111011111100101100010100111
0001000000000100001011101001000101001100 0001000010000000001011101001000101001100
1110000111110011111000001010100000001101 1110011111000011111000001010100000001101
0000011111000011011100100001011011001100 0000111110000011011100100001011011001100
1100011001111101100011110101110001111101 1100111110110001100011110101110001111101
0010101111110101110110011111011101011100 0010111111010101110110011111011101011100
1011010000001010100111100100011000101010 1011010100000010100111100100011000101010
0101001000000010001110111010011110110111 0101000000010010001110111010011110110111
0111101100000011001101101111100011001100 0111110110000001100110110111100011001100
0001011110000101111111110000100001111100 0001011111111100001011110000100001111100
1000001111000000000010001001001010101100 1000000000010000011110001001001010101100
1101011010000111110011010000100110000011 1101000011111001101011010000100110000011
1101111111011011010101001011011000011010 1101101111111011010101001011011000011010
0111100111000001100000111111111000001011 0111000001100000111100111111111000001011
1000001110000010001010010011001000100111 1000001000001110001010010011001000100111
1110001010010101100000111110010110100001 1110000011111000101001010110010110100001
0010101000101010001101000011010000101110 0010101000110100001101000010101000101110
1000010101000001111100011100111100001001 1000001111100001010100011100111100001001
0001001011111001111100001001001010101011 0001011111001111100001001001001010101011
0001111100000100010100010011111010011010 0001000111110000010100010011111010011010
0001010110111111101101100100110111101000 0001010111111101101101100100110111101000
1000110001111111000100101111111101001110 1000111111100011000100101111111101001110
0010111111101011010101110110100001101000 0010110101111111010101110110100001101000
1101011000101111100000100000100000111001 1101011000001000001000001110001011111001
0011100111111110011100011011111101110010 0011111111001110011100011011111101110010
1011111110110111111010010110111111100001 1011011111110111111010010110111111100001
0110011111110011001101001101110000010111 0110011001111111001101001101110000010111
0000101001000110011110001100011100101000 0000110011110001010010001100011100101000
0110110011111000011000101001001100010111 0110011111000011011000101001001100010111
1000001111101010100000010001011101101101 1000000100000111110101010001011101101101
0101000000101010010010111011111001100000 0101010000001010010010111011111001100000
1110001111101000001111000001100101010111 1110100000111100011111000001100101010111
0001000010111111111110011010100110101100 0001000010100110101111111111100110101100
0111101001011111001011000101101100100001 0111110100101111001011000101101100100001
1100000001110011100110011111010001001101 1100111000000011100110011111010001001101
0101010000001011110101111011110000001111 0101000000101011110101111011110000001111
0111111101101111111011101100001000010001 0111111101111111011011101100001000010001
1001000000000010010000111000001101001110 1001000011100000110100100000000001001110
1101101111111011010111011111111101101111 1101111111011011010111011111111101101111
1100100001110101111111101011110100111110 1100100001111111101011101011110100111110
0100100101111101001100111110100111011100 0100101111101001001100111110100111011100
0100111001101011001000101110101110011000 0100110101100111001000101110101110011000
1100011111010010110000111110111110011011 1100001111101111100011111010010110011011
1100011000001111100101100011100011001001 1100000111110001100101100011100011001001
0111000001011110111101001011011001101010 0111101110000010111101001011011001101010
1110010101010101010010010110010110111010 1110010010101010101010010110010110111010
0111110000011101001111010110010111100001 0111010011111000001111010110010111100001
1000001101010111001101010100000111110000 1000001111100000110101011100110101010000
1010111111010101101110010101100111010111 1010101111110101101110010101100111010111
0001101110010111100000111110000011001101 0001111100000110111001011110000011001101
0011111100100010000101000111110000011001 0011111000001111110010001000010100011001
1011101000010110001000000110001011011110 1011000100000011000101110100001011011110
0000011100111101000101000101000011010111 0000111001111010001010001010000011010111
0111111110111011100000110101110111010101 0111011111111011100000110101110111010101
0110000011111000111001011101100010101001 0110001110000011111001011101100010101001
1001101110010001000101111101110110111011 1001101110111001000100010111110110111011
1001001111110010111111010011111001101010 1001111110010010111111010011111001101010
1101111111011010010100010011000101110100 1101101111111010010100010011000101110100
0011110010100111010100101110101000000101 0011101010010111100101001110101000000101
1110111000001111100101111001010000010100 1110000011111011100101111001010000010100
0101100111000001111100110111100001010010 0101100000111110011100110111100001010010
1111100000000001111010001110110100111010 1111000000000011111010001110110100111010
1011111110110111111010011101001011101110 1011011111110111111010011101001011101110
0000010100011100011000111011101001011110 0000011100010100011000111011101001011110
0001100000001100111111111110011101100100 0001100110000000111111111110011101100100
1110101100001001000000000011111000101000 1110101100000000001111100001001000101000
1011011111001100011001100111110100100000 1011000110111110011001100111110100100000
1101011001000111011111010101110010111110 1101111101011001000111010101110010111110
0100111111100110011011111000011011010101 0100110011111110011011111000011011010101
1101110100010000100010111010111100110000 1101000100001000101110111010111100110000
1101110000011011111011000101001111010000 1101111101110000011011000101001111010000
0010111100000010100000111010111111100011 0010100000111010111100000010111111100011
0001111111110011110011100100100000101001 0001111001111111110011100100100000101001
1010000011111000101011001011000111011100 1010001010110010110000011111000111011100
0101011111101011001100101001100111000110 0101111110101011001100101001100111000110
1001110101000000101011010100111110000010 1001110100000010101011010100111110000010
1101111100000110110110101010000100010100 1101101111100000110110101010000100010100
0000111110000001100000011000110111011110 0000011111000001100000011000110111011110
1101011010000001101000011010001011001010 1101000000110101101000011010001011001010
0011010101100111001101111000001001110000 0011100110101011001101111000001001110000
1000100000111110001100010101000111111011 1000001111100010001100010101000111111011
1100000111110000101101110101000111011011 1100001011011101010000011111000111011011
1110000011111001111100010111000111110010 1110011111000001111100010111000111110010
0001101101111111011111001001001111100010 0001101111111011011111001001001111100010
1100000001100110010011001001000101101100 1100110000000110010011001001000101101100
1010110001000001011101101111100001011010 1010111011011111000010110001000001011010
1111000001111110010001100001110101110011 1111100000111110010001100001110101110011
1110110000011100111110000100110000100111 1110011111011000001110000100110000100111
0011001111100000111010101100000111001010 0011111000001100111010101100000111001010
1110000100000111011011110110001011000101 1110110111100001000001110110001011000101
0000101111110101011101000010011101010011 0000101011111101011101000010011101010011
0111000001111000001100010001100000011000 0111000001100000111100010001100000011000
0111000001001001100111110000011111110101 0111110000011100000100100110011111110101
0011011000001000001111100010111101000101 0011011000001111100000100010111101000101
0100100101111101000010100000111000101011 0100101111101001000010100000111000101011
1000001111011010001111100111111111100000 1000111110011111111110000011110110100000
1000010101111110101011100111110111110110 1000010111111010101011100111110111110110
0101111100000111010000001000111101001000 0101110100000010001111100000111101001000
1011011000000110001000110011010011000010 1011000000110110001000110011010011000010
0101001000000010000000011100110000010011 0101000000010010000000011100110000010011
0100001101101100001001001100101001001100 0100100001101101100001001100101001001100
1100001010100000010100111001010101010110 1100000101010000010100111001010101010110
0000011111000000000010100111001011010001 0000111110000000000010100111001011010001
1011101110100000001011010110010110011110 1011101000000010111011010110010110011110
1001111100000110011001010101000110000100 1001100111110000011001010101000110000100
0000011111000001011011110001111101000001 0000111110000001011011110001111101000001
0101010000001000111110001010111110011001 0101000000100011111000101010111110011001
0010000011111000100010010011101110111100 0010001000001111100010010011101110111100
1101101111111011010110110011001010110101 1101111111011011010110110011001010110101
1011101000000001000100010011100011000110 1011101000100000000100010011100011000110
0101100010111001011001110011010111011100 0101110010110001011001110011010111011100
1001000111110000100100101000011101010000 1001001000111110000100101000011101010000
0110110000001101000011000000111000010110 0110000001101101000011000000111000010110
0111000101000111000000101111111111010100 0111000000101110001010001111111111010100
0100101001111110000001001101101001010100 0100111111000000100101001101101001010100
0100111010011011111100010100011011100111 0100110111111000101001110100011011100111
1010101111110100011010000001100101010000 1010111111010100011010000001100101010000
1000101101010000000000111110001011110111 1000000000011111000101101010001011110111
0111010000010101100111110000011111000010 0111110000011101000001010110011111000010
1100011000000001100100011001011110110001 1100000000110001100100011001011110110001
0011000111110111110000111100001001000110 0011111011111000011000111100001001000110
1010100000111110100011001000000110000100 1010000011111010100011001000000110000100
1001110001000010000010111110000011111001 1001111100000111000100001000001011111001
1101010101111010101000000111101100101111 1101010100000011110101010111101100101111
0100100000000000010000111111000000110100 0100000000000010010000111111000000110100
0011110111000001011110000001100010111111 0011100000101111011110000001100010111111
1101010000001011111101000000011111001001 1101000000101111110101000000011111001001
0100100000001001110101110001000001101010 0100000001001001110101110001000001101010
0001001101011010111111101000101110111110 0001001101011111110101101000101110111110
1011001001000000010011110100011111111101 1011001000000010010011110100011111111101
0111100101010001111100000111001110010000 0111110000011110010101000111001110010000
1010100000010100010001100110111011010101 1010000001010100010001100110111011010101
1101011111110010110010101111110000101111 1101011001011111110010101111110000101111
0110110111000001111011000100100000110000 0110111000001111011011000100100000110000
1011111110110110111110000011010010110011 1011011111110110111110000011010010110011
0101010000010000011110101001110011000010 0101000001000001111010101001110011000010
0110100000101101101011101110110000111010 0110110100000101101011101110110000111010
1110000011111001101001000100110110001111 1110011010010001001101100000111110001111
0011001100000001110001110001100101101111 0011000000011001110001110001100101101111
1000111111000100010010010000010001101111 1000100011111100010010010000010001101111
0011001010100000010101111110001101111010 0011001010000001010101111110001101111010
0010001100000110001010000001011001000101 0010100000010001100000110001011001000101
0001111100000111110000001111111011111011 0001111100000011111000001111111011111011
0100010000000010000100001111001101100001 0100000000100010000100001111001101100001
1111000001111111111001001001111010010100 1111100000111111111001001001111010010100
1001000000001000100011100010010001000111 1001000100000000100011100010010001000111
0101100000111011111011011001111011111000 0101111101100000111011011001111011111000
0001000111111000100010011100000000011010 0001111110001000100010011100000000011010
1001010000011001011100110111001001110011 1001011100101000001100110111001001110011
0111000110001111100000111100100001101110 0111110000011100011000111100100001101110
1011110000011110111011110111000010101100 1011101111000001111011110111000010101100
1000001100000100011110101111111100101010 1000001000001100011110101111111100101010
1110000001110111010101010110101111100101 1110111000000111010101010110101111100101
1010011011100110110000010011111101110001 1010011011000001001101110011111101110001
1101111111011010010110000110011111000110 1101101111111010010110000110011111000110
0111011010110011010101000001110000111110 0111000011101101011001101010100000111110
0101110011000000011001011101000000000010 0101110000000110011001011101000000000010
1011100111111110011100100101100000001000 1011111111001110011100100101100000001000
0001101011000000101101011011111011010101 0001100000010110101101011011111011010101
0001110110100101100001111100000101001010 0001111100000111011010010110000101001010
0010111011010111000110111100101001010001 0010100101110110101110001101111001010001
1000000100101111110101100011000011010110 1000110000001001011111101011000011010110
0101011111101010110010001000001111111100 0101111110101010110010001000001111111100
0001111100000101110011001010100010000011 0001011100110010101000111110000010000011
1010001001111101000011101101111110011110 1010011111010001000011101101111110011110
0001111100000110110111000001001000011100 0001101101110000011111000001001000011100
0111010010100000001010100010100000001111 0111010000000101001010100010100000001111
0010111111111100100011111100010101100110 0010001111110001011111111110010101100110
1101010000001000111110011111000011111000 1101010001111100111110000001000011111000
1100000111110000110000011110010011001000 1100001100000111110000011110010011001000
1011111111011101111011010111010001110011 1011101111111101111011010111010001110011
0110000001101101100110111110100000101010 0110110000001101100110111110100000101010
0011101000000010010010100110111111001011 0011101001000000010010100110111111001011
0101101011000000101110010001111010001101 0101100000010110101110010001111010001101
0110111110000110000011011101111111000110 0110000011011111000011011101111111000110
0001111101000111111100110011001010011001 0001111111001111101000110011001010011001
1000001111101100111000001111100011101011 1000001111100000111110110011100011101011
0110010011111111100110101000010000110111 0110101000010000110010011111111100110111
1010101111110100110000111000101101000110 1010111111010100110000111000101101000110
0110111111101101010010100100001011100010 0110110111111101010010100100001011100010
1110101111110111111010011100000111100010 1110111111010111111010011100000111100010
0011110000011100000110011101011111111101 0011100000111100000110011101011111111101
1110011110000011111000000101111011110101 1110000011111001111000000101111011110101
0001101010000000000010101010011101000000 0001101000000000001010101010011101000000
1011000000110110100010001111100010000011 1011011000000110100010001111100010000011
1100100000000000000000010001001011101010 1100100010000000000000000001001011101010
0100000111100000111000110111010110010100 0100000111000001111000110111010110010100
1010000001101011010001101001001011111101 1010110100000011010001101001001011111101
1010110111110000000001111101111001101100 1010111110000000001111101101111001101100
0000010001100101110100011001011100000100 0000100011001011101000110010111000000100
0111111000000101000000111111001011100011 0111111001011111100000010100000011100011
0101101111111011111110001100011010011101 0101111111011011111110001100011010011101
1101010000001111010101111101001111001101 1101010111110101000000111101001111001101
1110000000001100001100011011000110100111 1110000110000000001100011011000110100111
0100101011000001110000010101010110101000 0100101100000111000001010101010110101000
1010001001101111101101011000001111100011 1010000011111000100110111110110101100011
1100010010001001111110000010001001000111 1100010011111100010010000010001001000111
0111100101111100000111001010000100100010 0111110000011110010111001010000100100010
1011001001101001010001111111000001111100 1011000001111100100110100101000111111100
1100100101100000111110001000100111010000 1100000111110010010110001000100111010000
0111010011110000011010010100101001010011 0111010010100111100000110100101001010011
0110101011111101001101001000100011110111 0110100110101011111101001000100011110111
0101111100111110001010111001100001001000 0101011111001111100010111001100001001000
1000001111100011110100111000101100000001 1000111101001110000011111000101100000001
0110011000000011001110100100100000001101 0110000000110011001110100100100000001101
0110111011111111011100111111110001100010 0110111111110111011100111111110001100010
0110111100101100111011111101000110110001 0110011101111110100011011110010110110001
1000100010110100011001001011101111100101 1000101101000100011001001011101111100101
1011000000011001100100100100001010010011 1011001100000001100100100100001010010011
0010001011111101010110011010111010110000 0010001010111111010110011010111010110000
0000100100111111001000110101110010110100 0000100111111001001000110101110010110100
0111011111111011110111010011100111110101 0111111110111011110111010011100111110101
1010000000000010101010101011101110011001 1010100000000000101010101011101110011001
1111000001111110001000011100011001110000 1111100000111110001000011100011001110000
0100100000001001110000010101110100001000 0100000001001001110000010101110100001000
1000111111000100001011010100011010000101 1000100011111100001011010100011010000101
1111101000000001000100101100001100011101 1111101000100000000100101100001100011101
0110000001101100001001010110101001101010 0110110000001100001001010110101001101010
1010011111101101001011010111001000111111 1010010110100111111011010111001000111111
1001101010001111100010101110101010100100 1001101000111110001010101110101010100100
0010111110011111000011011100000001011011 0010111000000010111110011111000011011011
1100110011110100001011001010001110001001 1100111101000010110011001010001110001001
0110000000110111011111000011111110110111 0110111011111000011111110110000000110111
1010010001111100001001011011011011101000 1010001111100001001001011011011011101000
0111010111010000001110111000111110001011 0111010000001110101110111000111110001011
1010000011111010100110100010001110001101 1010100000111110100110100010001110001101
0110100000010101000001100111101111100011 0110101000000101000001100111101111100011
1101010010000000000001000000001100110011 1101010000000000001001000000001100110011
0001011000011111000001100011111001111110 0001111100000101100001100011111001111110
1000010110010110000011111000010010110011 1000001111100001011001011000010010110011
0111111001111100000111101001001011111110 0111110000011111100111101001001011111110
0110100101001111001111001010111001110010 0110100111100111100101001010111001110010
0101000011111001010100010110011000001100 0101010000111110010100010110011000001100
1011011111100000101100111001000000111011 1011111100000101101100111001000000111011
0010010011111100100011001011001111111010 0010011111100100100011001011001111111010
0001000111111000100010101010101011011011 0001111110001000100010101010101011011011
1100111011011000111100011111110111000101 1100011110011101101100011111110111000101
0011110110001111100000111111110000100111 0011111000001111011000111111110000100111
1000110000011111000100010101010000001100 1000001111100011000100010101010000001100
0101111001000001101111001110111011011100 0101111001110111100100000110111011011100
1110111110000110001001000110101101000001 1110101101111100001100010010001101000001
0110011111011000110110111100111100001000 0110001100111110110110111100111100001000
1011010000010110111001010000100010011110 1011011010000010111001010000100010011110
0100100101111101001000100000001101101111 0100101111101001001000100000001101101111
1111100000111110001111111001011100110010 1111000001111110001111111001011100110010
0011011111110110101011110101111000111111 0011011011111110101011110101111000111111
0010000000100100101100111110101100010100 0010010000000100101100111110101100010100
1100100000111111001100100100000001010010 1100110010000011111100100100000001010010
1010011111000001111010110000010111011000 1010011110101100000101111100000111011000
1000111101001100010001101101001110011011 1000100011110100110001101101001110011011
1101110011111000111101101111001100100000 1101101110011111000111101111001100100000
1011001010011000110011011000001110100000 1011000110010100110011011000001110100000
0111110000011100011101000011010001000110 0111000111110000011101000011010001000110
0111101010101101000000101011011001000111 0111101000000101011010101011011001000111
1101110111111110100011111011001100001100 1101111111101110100011111011001100001100
1010010000000100001000001111011011000001 1010000000100100001000001111011011000001
1010100000010101000110101001000010010110 1010000001010101000110101001000010010110
0011000000001100011111111011000101000011 0011000110000000011111111011000101000011
0011111100100011101010010010111001111111 0011101010010010111001111110010001111111
1101010000011111100110100010111100010101 1101000001111110011010100010111100010101
1010011001010101101100110110101110011011 1010100110010101101100110110101110011011
1011010000011110111110100110001010001000 1011011111010000011110100110001010001000
1111010010010111111011000011011101110010 1111101001001011111011000011011101110010
1000110111110010000100001100000011010000 1000010001101111100100001100000011010000
0101111111010010110010001100110011011111 0101100100011001100110111111101001011111
1111100000111100100010011100000011011100 1111000001111100100010011100000011011100
0110101001111101111100000011100000001011 0110101001111100000011111011100000001011
1001110000011011111011111010111110101010 1001111101110000011011111010111110101010
1101011111101010111111010011000001111011 1101010111111010111111010011000001111011
0011100000101111011100001011010001110000 0011110111000001011100001011010001110000
0010110011111001011000010010111101011101 0010110000101100111110010010111101011101
1001101111110011010011101000010111010011 1001101001101111110011101000010111010011
1100000111110010111110110010001111011000 1100101111101100000111110010001111011000
1110100101111100010000110110111111100111 1110001000011011011111110100101111100111
0010110111111101111010000111011011100011 0010111111101101111010000111011011100011
0111111011111100000010111011111101111110 0111111000000101111110111011111101111110
1101011001000010000000001001101000100001 1101011001000000000100001001101000100001
1010000011100000110001101100000111001001 1010000011000001110001101100000111001001
0100101110111000000000001110110000010011 0100101110000000000011101110110000010011
0111011111000001110000111000111010010010 0111110000011101110000111000111010010010
1000100011111100001111000001101011111011 1000111111000100001111000001101011111011
1110110111110000011111001000101100011001 1110000011111011011111001000101100011001
0101110110000010110001111101001101000011 0101100000101110110001111101001101000011
1111000001111100100100001110100000000111 1111100000111100100100001110100000000111
0100111111010010100000001111100001011101 0100101001111110100000001111100001011101
0000111000010101000101010000000101101111 0000101010001010100001110000000101101111
0101000001111010111110101000000100010001 0101111101010000011110101000000100010001
1110010010000000100110010101101000111010 1110010000000100100110010101101000111010
0110101100001101001100000001010001110100 0110000110101101001100000001010001110100
0010011111100100100000111011011010011011 0010010011111100100000111011011010011011
1000000100111010111101000001111100011100 1000001111100000010011101011110100011100
1001010100101011111100100001000001001111 1001010111111001010100100001000001001111
0010011111111011101110011110000010000001 0010011101111111101110011110000010000001
0110000001101100011011111100010100100010 0110110000001100011011111100010100100010
0100110111111101010111111011101101001011 0100110101011111101111111011101101001011
1011101000100111110000011100100100000100 1011111000001110100010011100100100000100
0011111100101010111110101001111100000111 0011111000001111110010101011111010100111
0001101010011010100010101011000111110110 0001010101100011010100110101000111110110
1110001111111111011111001100110011111011 1110111110001111111111001100110011111011
0011111000001110000100010011100111000101 0011100001000100111110000011100111000101
1000010111111101000010110100001111110010 1000010110100001011111110100001111110010
1001100001100100111001101010011011111000 1001001100001100111001101010011011111000
0111101110000010111100000101100011010000 0111000001011110111100000101100011010000
0100011111101000101001001001011011011100 0100010100011111101001001001011011011100
1001111000011111000001100110001111101110 1001111100000111100001100110001111101110
0111011100000011101101101010101110110101 0111000000111011101101101010101110110101
1000001001100101010100001101100011100110 1000011011000001001100101010100011100110
1100100000101010110111000001111100010101 1100000111110010000010101011011100010101
1101111111011011101101101110101001110111 1101101111111011101101101110101001110111
0111111011111101000000111110101001100101 0111111010000001111110111110101001100101
0010101110110010110111011100001000011111 0010110111011100001010111011001000011111
1000010000101010001110101100110001110100 1000010101000010001110101100110001110100
1011000000110110000110100000010100101000 1011011000000110000110100000010100101000
0000100010011111010001101001001011110000 0000100111110100010001101001001011110000
1111100000111110100011011000101100111011 1111000001111110100011011000101100111011
1110101110001010101011110000011110001111 1110001010101011110101110000011110001111
0010000010110000101100100010000111111011 0010110000100000101100100010000111111011
0001111100000111001110010100001000000111 0001110011100101000011111000001000000111
1001001000000010101110111011101011111100 1001000000010010101110111011101011111100
0100110000000001100001110101101010110111 0100110000110000000001110101101010110111
0110011111000001100110111100101001100011 0110011001111100000110111100101001100011
1100110011011111011111110011100011101111 1100110111110111111100110011100011101111
1100000001100110001001111000011001011101 1100110000000110001001111000011001011101
0111000000011001100101011001010010001001 0111001100000001100101011001010010001001
0100011000111111100011010111011001110110 0100011111110001100011010111011001110110
0011001111111001111010010011000001110010 0011111110011001111010010011000001110010
0111010000110110110101011111000001110101 0111110000011101000011011011010101110101
1010000000000010101000100011001010100011 1010100000000000101000100011001010100011
1100000111110011101111011000111001011011 1100111011110110000011111000111001011011
0101111111110000011010101110001101110010 0101011111111100000110101110001101110010
0010101111100000111000110011110100111110 0010101110001100111110000011110100111110
1100000101010110111011010000010101101111 1100001010101101110110100000010101101111
1001100011111000101101011001000101010100 1001101011000111110001011001000101010100
1010000010110110100100110010001010010010 1010010011001000101000001011011010010010
1111001001100101111001010100010100001111 1111001010100010100001111001001100101111
0001111111101110111111111101111011001011 0001110111111110111111111101111011001011
0011100010010010001011011100110001000101 0011100110001001001000101101110001000101
0101111100000101011100011010000101001011 0101011111000001011100011010000101001011
1101010001111100010100001010100111000111 1101000111110001010100001010100111000111
0100100000001001110001111100111001000011 0100000001001001110001111100111001000011
1001000111111001111110001001100100010000 1001111110001001000111111001100100010000
1111011100000010001101100011001001111011 1111000000100011011000110010011110111011
1110010000010011001101101010001110100111 1110011001000001001101101010001110100111
1011101101010100001111100000111111100001 1011111000001110110101010000111111100001
0110100000101101111111010111111001000011 0110111111101000001011010111111001000011
1110000010100110111100001111010001101000 1110000111100000101001101111010001101000
1011011000000010001111000111010100011011 1011000000010001111000111010100011011011
1110111111110111010000000011101111101100 1110111011111111010000000011101111101100
1010100000010101010001100100110001101011 1010000001010101010001100100110001101011
1010000001010100010101001000111010110010 1010100000010100010101001000111010110010
1110010011101001011101101111110110100001 1110100101110010011101101111110110100001
1000110111011000101111110000101010110111 1000101111110001101110110000101010110111
1101100101010011000000000100010001001100 1101100000000010001000100110010101001100
0110000001101101101101001011001100110111 0110110000001101101101001011001100110111
0110000100000111100011001101100000101111 0110011000010000011110001101100000101111
0100110011111110011100101001100000010101 0100111111100110011100101001100000010101
0100111001011101100011111000000000011000 0100111110000000000111001011101100011000
1101011111000001110000001110100010110011 1101011100000011111000001110100010110011
1100000111110001001000001001111000100111 1100010010000010011110000011111000100111
0111100000111110110000110001100110000101 0111110000011110110000110001100110000101
0110100000000100010000010011010011100011 0110100010000000010000010011010011100011
0100000011111011101100000001110110001110 0100000001110110000001111101110110001110
1010011000110000000011001011100000011110 1010011000000001100011001011100000011110
1010100100000001001011000111110000111000 1010100000001001001011000111110000111000
1110111110011111011101100101000110011111 1110011111011111011101100101000110011111
0101001001011111100100010010111110010111 0101111110010001001010010010111110010111
1010110011001111111000010111000111100001 1010110011111110011000010111000111100001
1000000000101010101011100000000110000000 1000000001100000000010101010101110000000
1010001111111011100011011111111000011100 1010001101111111100011111110111000011100
1010100001111100101001010111010110011001 1010000111110010101001010111010110011001
0011110101100011111000001110111011000111 0011111000001111010110001110111011000111
0011001010000010000110010110000110001101 0011001011000011001010000010000110001101
0011010010000000100000101000111101111111 0011010000000100100000101000111101111111
0101011110000011010111010111100000110111 0101111000001101010111010111100000110111
0001000000000100001010110011100101100111 0001000010000000001010110011100101100111
1110111000000111011001100001100011000000 1110000001110111011001100001100011000000
1100101011111101010000110110111001011010 1100101111110101010000110110111001011010
1001101001011110111101111101001101000011 1001011110111101111101001101001101000011
1111100000101110101110111101001010101010 1111000001011101011101111101001010101010
0110011011111011011111011111011001010000 0110111110110011011111011111011001010000
0110111110110011010001101101000100101111 0110011011111011010001101101000100101111
1011101000000101010100101010101010111010 1011101010000001010100101010101010111010
1000001111001001101101011110110000110010 1000011110010011011010111101100000110010
0100100000001000101010010111111111010000 0100000001001000101010010111111111010000
1111101100000110000010000101110100010011 1111101100000100000110000101110100010011
1010110000011111111110110110110111001101 1010110110000011111111110110110111001101
0011000001110000000000110011000111011000 0011100000000001100000110011000111011000
0100011000000011111011000011000111111000 0100000001111101100011000011000111111000
0011101010111111010001000000110000001010 0011101011111101010001000000110000001010
0000101100111111110011100100001110111000 0000101100111001111111100100001110111000
0111011010010000000100101100111110001000 0111011010000000100100101100111110001000
0111110000011110000000101100101100100001 0111100000111110000000101100101100100001
1100000100101101101101001100100011011100 1100100011011100000100101101101101001100
1000011000011110100101001010011110011010 1000011110100101001010011000011110011010
1111000001111111000010001101100011110100 1111100000111111000010001101100011110100
0011000110010101001111001000110111011011 0011001010100110001111001000110111011011
1111100000111100100101000100001011100110 1111000001111100100101000100001011100110
0110000011000010001111100010000110111011 0110000100011111000100001100000110111011
0000010011110010000100011011101101000010 0000100111100100000100011011101101000010
0101111101011111010010111000111110101110 0101111101001011111010111000111110101110
1001110001000010000101011010110000110010 1001110000110001000010000101011010110010
1000001010001000001110111111100100000011 1000100000101000001110111111100100000011
0111101000101101010011111000001111010100 0111110000011110100010110101001111010100
0101011111101011001010000010000010111111 0101111110101011001010000010000010111111
1000001011010011110101010011100010100001 1000101000001011010011110101010011100001
0000011111111011101111101010100101011111 0000011101111111101111101010100101011111
0010011000111110000011111001101111000110 0010011111000001100011111001101111000110
1010101100110100111110100100100001111010 1010110011010100111110100100100001111010
0011010010101011000001111110011010111001 0011111100110100101010110000011010111001
1100000111110001101111100100001100011010 1100011011111000001111100100001100011010
1011101100000101101011000110011001010000 1011000001011101101011000110011001010000
0111110000011110110010011100101111110111 0111101100100111110000011100101111110111
0011001000001001100110101001111001100011 0011001100100000100110101001111001100011
0110111111101101000100001001010101001111 0110110111111101000100001001010101001111
0001101100010001101100110111111100010001 0001000110110001101100110111111100010001
1100100111111001000101010100010001010100 1100111111001001000101010100010001010100
0101000000010010000011011100110011100011 0101001000000010000011011100110011100011
0101110001101011100010111000011110101011 0101110001011100011010111000011110101011
1011101010000001010011110011011001010101 1011101000000101010011110011011001010101
0110111110001111100000011100011101000111 0110111110000001111100011100011101000111
1011001011111100110010100000001100111100 1011001010000000110010111111001100111100
1000001000001111110001110001011000100010 1000001111110000010001110001011000100010
0001111111111000000000010010110000101000 0001001011000011111111110000000000101000
1111000000111101111011101000111101001001 1111011110000001111011101000111101001001
0101000010100001110011100001100001011111 0101000011100111000011000010100001011111
1000110111011000100010111111000001110001 1000100011011101100010111111000001110001
1001011110110010110000011011001101100110 1001011000001101100101111011001101100110
0101110001001100001000000100010110100101 0101101001011100010011000010000001000101
1111000001111100100110010101011011111011 1111100000111100100110010101011011111011
0110011000100011010111011001101001111100 0110001000110011010111011001101001111100
1100111011111100000110111110101101111110 1100111111000001101110111110101101111110
1001111111111100100111010101100101010111 1001001111111111100111010101100101010111
1110101111110100101101101011001100111000 1110100101101101011001100111010111111000
1101111100001111100111001010101001001110 1101111100111110000111001010101001001110
1011111000001110110000100000011110000000 1011101100001000000111110000011110000000
1000101000101001100110010011110011110101 1000101001100110010100010011110011110101
1001010011111101001011111010000110000010 1001111110100101001011111010000110000010
0000011101100101111111011001011011000100 0000011101100101101100101111111011000100
0110000000010001000000011110100011100010 0110001000000001000000011110100011100010
1100000111110000110000100110100110110101 1100001100000111110000100110100110110101
1100000111110001111101000110000100001100 1100011111010001100000111110000100001100
0001111111111100001000011100000010100011 0001000011111111111000011100000010100011
0100000111000111110011111110001110000001 0100011111001111111000001110001110000001
1110100101111000001111100010001001011101 1110000011111010010111100010001001011101
0001000111111000100001110110001010100000 0001111110001000100001110110001010100000
1110001101000100100100111110000011111001 1110000011111000110100010010010011111001
0111011010001101001001111001010011100011 0111100101001110110100011010010011100011
0000100010011010101011101000010110001110 0000100110101010111010000100010110001110
0110000110101100001111011011110110010111 0110101100001100001111011011110110010111
1100101011111000001010101101111010111111 1100101111100000101010101101111010111111
1111101001001011111111011001100010000111 1111010010010111111111011001100010000111
1110010000000010001000110101111100100010 1110010001000000001000110101111100100010
1001011011010010000001101101000000010110 1001000000110110100000001011011010010110
0000111110000001110000101100001100100101 0000011111000001110000101100001100100101
1011010001110100010000011110000011101110 1011010001000001111000001110100011101110
1111010000001110101110101011011000010111 1111010111010000001110101011011000010111
0100010101011100111011010000100000101001 0100001000101010111001110110100000101001
1001010001011111100010011111011000000111 1001011111100010100010011111011000000111
0101011111101011010100100010100101111110 0101111110101011010100100010100101111110
1001100111111100101010010000110111101000 1001111111001100101010010000110111101000
1010110111111101110011100010100100001000 1010111111101101110011100010100100001000
0111101000111000100100110000010001101100 0111101001000111000100110000010001101100
1010000000001000010010101110011000011011 1010000100000000010010101110011000011011
1010110111110110011010110111011101101000 1010110111011101101011011111011001101000
1011100010010010100111000000100000110011 1011100000010000011000100100101001110011
1100101101100011100011110001110010101011 1100011100101101100011110001110010101011
0101010000001011011101110110111101001101 0101000000101011011101110110111101001101
1001100110000000110010110000000010110110 1001100000001100110010110000000010110110
1100000111110010001100000010110001101110 1100100011000001111100000010110001101110
0101100100011100111000100110110000010110 0101100000101100100011100111000100110110
1110101101011111110100100110010000000111 1110101111111010110100100110010000000111
0100110011011111000000111000001111001011 0100110111110000001110000011110011001011
0111001111111100111010101000100101110100 0111111110011100111010101000100101110100
1110010000100000000010001000110100001000 1110010000000001000010001000110100001000
1000001011111100101001001010111101001000 1000001010010111111001001010111101001000
0010011111101111101000000010010011110010 0010010011111101111101000000010011110010
0100010101101011101010001101100010111010 0100011011000101011010111010100010111010
1010110000011110100000010101110101101011 1010000001010110000011110101110101101011
0111011001100111101111100010110110100000 0111101110110011001111100010110110100000
1110001111100001111100001011100111000010 1110000111110001111100001011100111000010
1010011010010011011100011111010100101011 1010010011011100011111010011010100101011
1101000001010011001100111001011001010110 1101001100110011100101100101000001010110
0001111111000001110000011010101001101111 0001110000011111110000011010101001101111
1000101110000010111101101001111011111011 1000101111011100000101101001111011111011
0010100000011011100001101100110000110111 0010100001101100110000001101110000110111
1101000000100000010101000011001000010010 1101010000001000000101000011001000010010
0001001100101101100100110010100110111000 0001011011001001100100110010100110111000
1000001111100000010001101011100101000001 1000000100000111110001101011100101000001
1110011011010001000100010011000101000110 1110011000101000110110100010001000100110
0110101101111110110010010101101011111001 0110111111011010110010010101101011111001
1011001110100110111110000000001111101100 1011111000000000111110110011101001101100
0111110000011101100011001011111001110111 0111011000110010111110000011111001110111
1001010000000110100110100010000000001110 1001010011010000000110100010000000001110
0111000001000010100011011111000001111110 0111110000011100000100001010001101111110
0110110100000101101000010001100001011101 0110100000101101101000010001100001011101
1000001111100000001100110111001101111011 1000011111000000001100110111001101111011
0010010000000100111010010011011000111101 0010000000100100111010010011011000111101
0110110011111000011010101111011001110000 0110011111000011011010101111011001110000
0100000000001110000010001111100000010101 0100000100000000001110001111100000010101
0000111110000010001010100010110010011110 0000011111000010001010100010110010011110
1010111101000000111101000010010101101101 1010000001111010111101000010010101101101
1000001111100010011111011000110000110010 1000100111110110000011111000110000110010
0010110001111000111001100011110101100010 0010110001111010110001111000111001100010
0010101111110010101001000100110001101101 0010101001010111111001000100110001101101
1001000000010010010010000111000010001101 1001001000000010010010000111000010001101
0111001010000111111111100000000010110100 0111001010000011111111110000000010110100
0011100001111111100001111100010011010000 0011111111000011100001111100010011010000
1001101000000110111111011010000100100000 1001101111110110100000011010000100100000
1001011110000010100100110100110010010000 1001001011110000010100110100110010010000
1110000011111010011000001100010111011101 1110100110000011000101110000011111011101
1101001111110110001000100011010001000010 1101100010001000110100111111010001000010
1111000001111110100000010011011110101011 1111100000111110100000010011011110101011
0011011011111110111000100010000001001001 0011011111110110111000100010000001001001
0111011111111011110111011010100100100110 0111111110111011110111011010100100100110
1001111111111111011011101101110000100010 1001110110111111111111101101110000100010
0100000001001000111111100111100111100000 0100100000001000111111100111100111100000
0010000000010001011101011010111001110101 0010001000000001011101011010111001110101
0111100110011111000001110010010111101001 0111110000011110011001110010010111101001
1001100000010010000010100101110000110000 1001000001010011000000100101110000110000
1100011000000001100001101011011000001000 1100000000110001100001101011011000001000
0100101000001111100101000010011011101101 0100000111110010100101000010011011101101
1110011111111100111100100011001001011010 1110011110011111111100100011001001011010
0111011111111011101110001100100000000010 0111111110111011101110001100100000000010
1110100001001100000010111011010011100000 1110110100111010000100110000001011100000
0001001001000111110000010101110100001011 0001111100000100100100010101110100001011
0011001010100101000000100110101010001010 0011001010000001001010100110101010001010
1001111110000000100100111000100110011111 1001001111110000000100111000100110011111
0110111110111000010011110001001001101110 0110111000010011110001001001101111101110
0100001001100001111110011000011011011111 0100001111110011000010011000011011011111
0110110000001100000110101110101100100101 0110000001101100000110101110101100100101
1000000001000100001000100001011011000110 1000100000000100001000100001011011000110
0101001001100000111000001000011001111101 0101001100000111000001001000011001111101
0001100000100000000001000101111011011000 0001000000000011000001000101111011011000
1100101010000011111010110100011010111010 1100101000001111101010110100011010111010
0100111010111000000101110001001101010110 0100111000000101110101110001001101010110
0001011111010010010110100001010101011000 0001001011111010010110100001010101011000
0010000100111110010010110011101010011101 0010011111001000010010110011101010011101
0000111110000011100000011010101101001100 0000011111000011100000011010101101001100
1110000011111010100000110101101011110111 1110101000001101011010111100000111110111
1101100001111000001011011110111010001010 1101111011000011110000010110111010001010
0101000000010010010010011100000000000100 0101001000000010010010011100000000000100
1010000001010101000001101001011110011101 1010100000010101000001101001011110011101
0100001110000011111000010011100110000111 0100000111110000111000010011100110000111
1101101111111010101011001100000101010101 1101111111011010101011001100000101010101
0001111100000111010111000011011000100001 0001110101110000111110000011011000100001
0110101010110110100010110010101110001001 0110110101010110100010110010101110001001
0110000011111000000001110010010110111000 0110000000011100000111110010010110111000
1111010010111110111011100010101110100011 1111101001011110111011100010101110100011
1010000011111000011100001010110000010111 1010000111000001111100001010110000010111
1110001010110010100110011011101111111111 1110010100110001010110011011101111111111
1101000001111101010010101001010000101110 1101010000011111010010101001010000101110
1101000111101000110001111101101100101101 1101000110001111101000111101101100101101
0100011111111001110011110111101010001100 0100011100111111110011110111101010001100
1000101000111111010000100100101011010111 1000111111010001010000100100101011010111
1000111110100001000011111010100001010111 1000010001111101000011111010100001010111
0111111110111110000011101100011010010101 0111110000011111111011101100011010010101
0110111111110011100111100010010010101100 0110111001111111100111100010010010101100
0110000111100000101111100100011000101011 0110000010111110000111100100011000101011
1110100011011011101110101000100101001110 1110111010001101101110101000100101001110
0011000000011001111000110100101010011001 0011001100000001111000110100101010011001
1001100110000001101111111011001000100110 1001100000011011111110110011001000100110
1101100010100011010110010000110001001000 1101101011000101000110010000110001001000
0100111110111011101000001111000001001100 0100000111100000100111110111011101001100
1001010011110011110101011110001010011010 1001111001010011110101011110001010011010
0000111110000001011100110000110000110101 0000011111000001011100110000110000110101
0101100001100111110011001000111001101001 0101100111110011000011001000111001101001
0101100010100111000100110010100100011000 0101001110001001100101100010100100011000
0110111001111111001100001000010000010001 0110111001100111111100001000010000010001
1001000000100101001000001111011000010101 1001010010000001001000001111011000010101
1001100001111110101011111101110101011000 1001100001111110111111010101110101011000
1000010101111110101010011101011101101110 1000010111111010101010011101011101101110
1100000111110011100100010111101010010001 1100111000001111100100010111101010010001
1110000011111011000101010001110101111001 1110110001010100011100000111110101111001
1000001110110111000001111100001111000110 1000001111100000111011011100001111000110
0111101111000000111100000100111010010000 0111100000011110111100000100111010010000
0101100001111110101000011111111001110011 0101100111000011111101010000111111110011
1001010011100000010000011110000010111001 1001110000001000001111000001011100101001
0001000111110000011100110010100000011010 0001111100000100011100110010100000011010
0001000001110000010100011110010110111000 0001110000010000010100011110010110111000
0100100111110001111100100100010100100011 0100111110001111100100100100010100100011
0010010001111100001011001010010010001110 0010001111100001001011001010010010001110
0010000011110000011000110110001101101111 0010000011000001111000110110001101101111
0011101011110010110001100000111001001011 0011000001110101111001011000111001001011
0100100111111001000001011101100010101010 0100111111001001000001011101100010101010
1101110000000110011101110011101011100110 1101110011101110000000110011101011100110
1011010100001001001101101110111000001101 1011011010100001001001101110111000001101
1100000110111000001111100101111001001010 1100000111110000011011100101111001001010
0100101101111111011010000110110110001100 0100101111111011011010000110110110001100
1001101000101100110000011100101000111100 1001100000111001101000101100101000111100
0000010101000010111111110100010100101000 0000101010000010111111110100010100101000
0001000110101101001011110101110010111000 0001011110101110010001101011010010111000
0011000011111000001101011010001011011101 0011111000001100001101011010001011011101
1010000001101000000101100010001101111010 1010000001011000100011011110100000011010
1011111000001111101001110100101010101000 1011111010011111000001110100101010101000
0001111101111100011101111111011011101010 0001111100011111011101111111011011101010
0010010111111010101101101000111001100011 0010010101111110101101101000111001100011
1111100000111100110010011001100000111101 1111000001111100110010011001100000111101
0100100000001001010100001101110010000101 0100000001001001010100001101110010000101
0011111110011001110011100010001101100000 0011001111111001110011100010001101100000
0001001100111111100110000101101010111100 0001001111111001100110000101101010111100
0010101000011111001010011010101101100000 0010100001111100101010011010101101100000
0001111100000110001010011110111000101001 0001100011111000001010011110111000101001
0000111010010011001110100001001000111100 0000100100011101001001100111010000111100
0111100111001000010011010011010000100000 0111100100001001110011010011010000100000
0110110000001100001011100010111011101000 0110000001101100001011100010111011101000
1110000011111000000110110010010110010100 1110000001101100000111110010010110010100
0100010000000000000100110000001110100100 0100000000000001000100110000001110100100
0100001011111101010111111001111010001101 0100001010111111010111111001111010001101
1110000011111001010101010100000110000111 1110010101010101000001100000111110000111
1010011100010111000101101101000001011100 1010011100010110110100000101110001011100
1011011111110110000100111001001100101011 1011111110110110000100111001001100101011
1101101111111010111101000110010001010001 1101111111011010111101000110010001010001
0010010000000100011111111010100111010011 0010000000100100011111111010100111010011
0001111100000110101110111000011110011111 0001101011101110000111110000011110011111
1001011000111110011110101010000011011110 1001010110001111100111101010000011011110
0101100000001100110100001111110011000111 0101100110000000110100001111110011000111
0110110111111101111100100001011100000011 0110111111101101111100100001011100000011
0110011111111001110001001010001111101100 0110011100111111110001001010001111101100
1110010011101001011101000100100111011101 1110100101110010011101000100100111011101
0100110011110011111010010011011111111111 0100100110011110011111010011011111111111
1001100001010111111010111110101101011111 1001100001011111101010111110101101011111
1100001100001111111001001110111001110010 1100001111111000011001001110111001110010
0101111100010000110110110111010100000100 0101101111100010000110110111010100000100
0110111110110011000101011111011100000011 0110011011111011000101011111011100000011
1000101111110101011111111101101001101011 1000101011111101011111111101101001101011
1001000001100111001110101110101100111101 1001110010000011001110101110101100111101
0100111001000100011101000001111101011011 0100010011100100011101000001111101011011
1001100011000000001111100011011011011000 1001100000000110001111100011011011011000
1101010111111010010100110000010110010000 1101011111101010010100110000010110010000
1010100010000000010011100011001101111101 1010100000000100010011100011001101111101
1010010000000100010010001111111101111100 1010000000100100010010001111111101111100
1000101100101100000001001010100101100111 1000101100000001011001001010100101100111
1010101111110100101011001011011000010000 1010111111010100101011001011011000010000
1011011111110110100100000000111100010110 1011111110110110100100000000111100010110
1101000000001000100100000001000011010111 1101000100000000100100000001000011010111
0011101111011001001001111100000111111101 0011111000001110111101100100100111111101
1000111011000000110110100101001001011110 1000111011011000000110100101001001011110
1000100000000100010001010001000011111000 1000000001000100010001010001000011111000
1111000001111101100011101110110100011101 1111100000111101100011101110110100011101
0110100011111111101110000001100011011111 0110001101000111111111011100000011011111
1010001100110000000111100110111101001100 1010001100000001100111100110111101001100
0011111000001100011000010010000000101110 0011000111110000011000010010000000101110
0111101100010001101101111100000111001110 0111110000011110110001000110110111001110
1011000001111100001101011110100100000011 1011000011010111101001000001111100000011
1100011111110110001101100111000101001010 1100011011000111111101100111000101001010
0111100110100110010011111000001110001010 0111110000011110011010011001001110001010
0010011111001000010111110100100001000001 0010000100111110010111110100100001000001
0011000000111101101100110001111100010010 0011110110110011000000110001111100010010
0110001001101111000001111100001001001111 0110000011111000100110111100001001001111
0001101111011001010011001000010101110010 0001100101001101111011001000010101110010
0100110001110000111100110010001010110100 0100010101101001100011100001111001100100
0011100011111000001110111001000000100100 0011111000001110001110111001000000100100
0111000011111000001111101101000000101001 0111110000011100001111101101000000101001
1100000001100110000011111100011110111000 1100110000000110000011111100011110111000
0001110100101110100010110101100100011010 0001011010110010001110100101110100011010
0001111100001111100111110000011000000101 0001111100111110000011111000011000000101
0011111000000011111011110101001011010001 0011111011111000000011110101001011010001
1100000001100110011011111011100110010110 1100110000000110011011111011100110010110
1100000001100110010001110010100101001011 1100110000000110010001110010100101001011
0100000111000001000101110001011110101110 0100000100000111000101110001011110101110
0101110111111111111101101110001011110001 0101111111111111011101101110001011110001
1101110111100000111101010101010110110011 1101111000001111011101010101010110110011
0110011110000010000110110001101110011110 0110110011110000010000110001101110011110
0001000011111100001001101101000101010000 0001111110000100001001101101000101010000
1000101111111011011001000110110110111010 1000101101111111011001000110110110111010
1100101011111101011101111111110100110001 1100101111110101011101111111110100110001
1010111100000111000001100010000100001001 1010111100000110000011100010000100001001
0110100010110001000100001100000110001110 0110001000100001101000101100000110001110
1000001111100000001100010010000110101011 1000000011000001111100010010000110101011
1010011000000001111100010110101100101110 1010011010110000000011111000101100101110
1100001000011011010110110001101101000100 1100001101101011011000010001101101000100
