0011111101111110101010111101100000001100 0011111101010101111110111101100000001100
1011010000001010101110010011001110011100 1011010100000010101110010011001110011100
1011001111100110000110011011010011110100 1011000011001111100110011011010011110100
1001100000101100100010000001011001101011 1001000100000010110011000001011001101011
1010110110100000010101001000101000011100 1010000001010110110101001000101000011100
1001100101111100001000001010101111110110 1001100100000101111100001010101111110110
1110000011100000111100001100110001001111 1110000011110000011100001100110001001111
1011010110000001011011111110000110100010 1011000000101101011011111110000110100010
1001100000111110000011100110111111101101 1001111100000110000011100110111111101101
1000110101011111110011100110010111111100 1000111001101010111111100110010111111100
0100010110000000100111110101100100010000 0100111110101100100010110000000100010000
0001111100000111101110100000001010100110 0001111011101000000011111000001010100110
1101101100000011011101001001000110101110 1101100000011011011101001001000110101110
0001101111110110101101001010010010010110 0001101011011111101101001010010010010110
1100000110111110101100000111110010111100 1100000111110000011011111010110010111100
1011011111110110101111111100100111111011 1011111110110110101111111100100111111011
0001101011111110000100111110000000101010 0001001111100000001101011111110000101010
1011000001011001001100011100011100110111 1011001001100011100011100110110000010111
1110111000001100000111010001011001111111 1110000011000001110111010001011001111111
0100110000000001100001111011100000100000 0100110000110000000001111011100000100000
0011101000101111100000111011110001011110 0011111000001110100010111011110001011110
1001001010101001011111111010100011010111 1001010101001001011111111010100011010111
0000111011010001100111010011000000101001 0000011101101000110011101001100000101001
1100000111110011111011011111100100101010 1100111110110111111000001111100100101010
1111100000111100110111111111001000111111 1111000001111100110111111111001000111111
1101000000101010111100100011000000100010 1101010000001010111100100011000000100010
1111100010100011110010011011101110101001 1111000101000111110010011011101110101001
1111000111011100101000100100100011111001 1111100011101110010100010010010001111001
1000100011111100011011100111011011100011 1000111111000100011011100111011011100011
1001011111010010010001111100001001111000 1001001011111010010001111100001001111000
1110101000000000011111000110001001101100 1110101000110000000000111110001001101100
1001111101000000010010000100010100011101 1001111101001000000010000100010100011101
1001100000100001110000111000101011011101 1001110000110000010000111000101011011101
0101111011100000101101000100000111110001 0101110000010111101101000100000111110001
1101111111011010101110100101011010101111 1101101111111010101110100101011010101111
1111101010000001111101111010010011111011 1111010100000011111101111010010011111011
1000101110101100111001111111010111010101 1000101100111001111111010111010111010101
0100001111010110100110110101110000010000 0100110110101110000010000111101011010000
0100000100011111001000000011100001110010 0100011111001000001000000011100001110010
0101101001110010101101100110010001000001 0101011010011100101101100110010001000001
1100101001100011001111110000001101010111 1100011001010011001111110000001101010111
0111110000011101010000010001100110111000 0111010100000100011001101111100000111000
0110010110111110101101000101011011101100 0110111110101100101101000101011011101100
1010110100000011010010001110010110001001 1010000001101011010010001110010110001001
0111010101001111100000111110110001010101 0111110000011101010100111110110001010101
1111000001000001111111010110111111010100 1111100000100000111111010110111111010100
1001101011101001111100011111111110011001 1001111100011111111110011010111010011001
0000111110000011110010010111101011001011 0000011111000011110010010111101011001011
1000001111100011000111100101100010100111 1000110000011111000111100101100010100111
1010011000001111000001111001011101101100 1010011110000011000001111001011101101100
0101111100000111011001000111100000100000 0101110110010001111100000111100000100000
1101111101010000100000000010001100100011 1101111101010000000001000010001100100011
1110101000000101011100100001010011001111 1110100000010101011100100001010011001111
1011111000000000011111001010100001010111 1011111001010100001010111110000000000111
1001111110011111000001001010101101110100 1001111100000100111111001010101101110100
0001100000100000101100101000010111100000 0001000001100000101100101000010111100000
1000011001111111111110011111000011101111 1000011111111111100110011111000011101111
1010011111001010000101011011010110110111 1010000101001111100101011011010110110111
0011000101010011011111010101110100100000 0011000101001101111101010101110100100000
0101010000001011001110101001011011010111 0101000000101011001110101001011011010111
0110000011111000101110111001010000001110 0110001011101110000011111001010000001110
1000111000001111100010000000000010001010 1000001111100011100010000000000010001010
1110110000001101101111110010000101101111 1110110110000001101111110010000101101111
1001111011010000111110000011111011100001 1001111100000111101101000011111011100001
1010011111111011101110001011110000010001 1010011101111111101110001011110000010001
0011110101101011010111100001001000011100 0011110000100100001111010110101101011100
0011111000001111111110010011111111100101 0011111111100100111110000011111111100101
1110100000000000000101110100001011101000 1110100001011101000000000000001011101000
1100110010110111110101101000010000111011 1100110111110101100101101000010000111011
1100110000011111001110111011110100101001 1100000111110011001110111011110100101001
0010000000001000010010000111110011110110 0010000100000000010010000111110011110110
1000111111111100001111100000101001111001 1000011111000111111111100000101001111001
1010111000001100000100000001010010111000 1010100101110000011000001000000010111000
0110000100110000101111101101010010100000 0110000101111101100001001101010010100000
0011100100111101010011011001001100001011 0011110101001110010011011001001100001011
0100000001001001010000011101100101010011 0100100000001001010000011101100101010011
1111100000111101001010101111100110110110 1111000001111101001010101111100110110110
0111010100000010100110000101000110000010 0111010000001010100110000101000110000010
0110110000001100101101111000100001011011 0110000001101100101101111000100001011011
1001110000011000001100001000000000001010 1001100000111000001100001000000000001010
1110110011010111000001111100000101110001 1110000011111011001101011100000101110001
1011111110100001111100000111010011000100 1011111000001111111010000111010011000100
1000000000011111000001101011011010000101 1000001101011011010000000000111110000101
0111110011111011111000101101100001000011 0111110111110011111000101101100001000011
1000001001101101100100111001011110111101 1000001001110010011011011001011110111101
0111110100010000000010011101110110001001 0111011111010001000000001001110110001001
0110111110110011000010111100100010010001 0110011011111011000010111100100010010001
0101000000000001000000100001001000000100 0101000000100000000000100001001000000100
0101000000011101001110101111011101111111 0101001110100000001110101111011101111111
0011010101001100110010000100010100001100 0011001101010100110010000100010100001100
1011011000000110110000101110100110101110 1011000000110110110000101110100110101110
1001000101111100100001000000010000111000 1001011111001000100001000000010000111000
1111000001111101010111000010101100100110 1111100000111101010111000010101100100110
1000100010111111111100100010001000110010 1000101111111111001000100010001000110010
0101000000010100101110001111101000010111 0101001010000000101110001111101000010111
0110000011111000010100101111011110011101 0110000101001011110111100000111110011101
1000100111010110111000001111101010000110 1000001111101010001001110101101110000110
1111100001011100011010100011000001100010 1111100011010100011000010111000001100010
1001110000000000011101110101111100010001 1001110111000000000001110101111100010001
0010010000000100101110001011110111000111 0010000000100100101110001011110111000111
1001010000101100110111010111011101001111 1001101110101110111010010100001011001111
1011100101100101000001001101000111010010 1011100101000001001011001101000111010010
1101011111101010101010010001001010001011 1101010111111010101010010001001010001011
0100100000001000000110111010101001111110 0100000001001000000110111010101001111110
1111100000111110011010001001110111100111 1111000001111110011010001001110111100111
0001000000010010011101011110101010111111 0001001000000010011101011110101010111111
1010000001010100000011011100110111001100 1010100000010100000011011100110111001100
0000111110000011111110110011000110011001 0000011111000011111110110011000110011001
1110100110110000001001001101101011010110 1110110000001001001101001101101011010110
0111111011010010011001001111101100011111 0111110110001111110110100100110010011111
0011101010010000000100001111001000000100 0011101010000000100100001111001000000100
1111011100100111010010111101000000100110 1111001001110111010010111101000000100110
1010011000101100101001011110010011010111 1010010111100100110100110001011001010111
1011011111110110101110001000100000111111 1011111110110110101110001000100000111111
1000111111100011000000111110010111100001 1000110001111111000000111110010111100001
1101000000110110000001100001011100011001 1101000000110000001101100001011100011001
0111010011001101100000110111000000001110 0111000000001110100110011011000001101110
1011100000111100000101110111101100001011 1011101110000011110000010111101100001011
1010111111101101111011000001001011111101 1010110111111101111011000001001011111101
1001111001010010011111111001111111101010 1001010011110010011111111001111111101010
1011111111100000111101110110100100000010 1011101111111110000011110110100100000010
0111110000011110110011110011000100101011 0111101100111110000011110011000100101011
0011010101110101000011111000001111110100 0011111000001101010111010100001111110100
1110000000000111110011001001001010010100 1110011000000000011111001001001010010100
0100000111110001100000101010000111001100 0100011000001111100000101010000111001100
1001001111110011111011110100101111100010 1001111110010011111011110100101111100010
0011010110011100110011111110110101000010 0011100110101100110011111110110101000010
1100111110011011011111000110110011100110 1100110110111110011111000110110011100110
0111000000011100111011001101010110110011 0111001110000000111011001101010110110011
1101001101010111111011011011011000001000 1101010111111010011011011011011000001000
1101111101100000111011111110001101100100 1101100000111011111011111110001101100100
0101000000101011001110111110010011011000 0101010000001011001110111110010011011000
1110111000000111010010000001000000110010 1110000001110111010010000001000000110010
1110100101110100100101111100101110011101 1110100100101111101001011100101110011101
1010101111110100010110011000101001110111 1010111111010100010110011000101001110111
1001010011111011111000111101111101011011 1001010011111000111110111101111101011011
1001000100000000100010100011110101000010 1001000000001000100010100011110101000010
1101011010000001101110010000110110100100 1101000000110101101110010000110110100100
1111100000111110001011001000000010011101 1111000001111110001011001000000010011101
1100111000001111100111111101001100011010 1100000111110011100111111101001100011010
1101111111011111000001101011100001100101 1101111100000110111111101011100001100101
0000100011111100010101010010111110000111 0000111111000100010101010010111110000111
0000111110000001010100111000000000111000 0000011111000001010100111000000000111000
1100100010111110010010011111011011000110 1100100100111110110110010001011111000110
1001010110000011110101110101001101000101 1001011000001111010101110101001101000101
1101100110000000110101011100001010100101 1101100000001100110101011100001010100101
0000011111000011000110011111110111001100 0000111110000011000110011111110111001100
1110111111010111111011110011011111101110 1110101111110111111011110011011111101110
1000010000010101010011110111100110001011 1000001010101001111011110011000010001011
1110000001110111010110110000000111001000 1110111000000111010110110000000111001000
1001111100111111111100100100100110000110 1001111111111001111100100100100110000110
0110000000010111001111101011100110010000 0110011111010111000000001011100110010000
1101111111011011100001010100101111011101 1101101111111011100001010100101111011101
0000101111101110100100111010010100101101 0000100111010010111110111010010100101101
0101011111000001010011010111011111101011 0101111100000101010011010111011111101011
0001000011111011111000011010101010100100 0001111101111100001000011010101010100100
0010011111100100100100010011110001011010 0010010011111100100100010011110001011010
1111100000111111011110111000101111101100 1111000001111111011110111000101111101100
0100111111111100010000010001101100001010 0100000100111111111100010001101100001010
1000001111100001110100101101100000010010 1000011101001011011000001111100000010010
1011000101100100100010111011000011010010 1011001001000101100010111011000011010010
0101000000011000000000000101011011000010 0101010000000110000000000001011011000010
1010001001111101001111001001110001101100 1010011111010001001111001001110001101100
0110111111110111010011111000111010100101 0110111011111111010011111000111010100101
1001111100000110101011000110101011111001 1001101010110001111100000110101011111001
1011101111111101111101000100001010100111 1011111111011101111101000100001010100111
1010010000000100101110111011111110111111 1010000000100100101110111011111110111111
0101000110110000101011110100110101100001 0101010001101100001011110100110101100001
0100000110000011100010110111101100111101 0100000111000001100010110111101100111101
1110000111111111000001011111011001010000 1110000010111110000111111111011001010000
0110111000010000000001000101010100000101 0110111000000000100001000101010100000101
1111100000111100111111001110010010100110 1111000001111100111111001110010010100110
1000001111100000010101101111000101000011 1000000101011011110000011111000101000011
0001101100000111101010110011001110010110 0001111010101100110110000011001110010110
0100100000110011100111011111000010111100 0100111001000001100111011111000010111100
1001111110010010011110111011101101100010 1001001111110010011110111011101101100010
1010011110001000101111100000111111111010 1010011111000001111000100010111111111010
0001011010101001010101011001011101010110 0001010101011001011010101001011101010110
0101011111101011010011011110100100010111 0101111110101011010011011110100100010111
1000111110000111110000100000010001000110 1000011111000111110000100000010001000110
1111000001111100110101111010000000100010 1111100000111100110101111010000000100010
0101111110101010010001010101110000000101 0101011111101010010001010101110000000101
1000001110011111111001111101100111100011 1000001111111100111001111101100111100011
0001011101111110000111110000010101001010 0001111100000101110111111000010101001010
1001100111110000011001010010000100101001 1001111100000110011001010010000100101001
1110110100000101101000001010010000100111 1110100000101101101000001010010000100111
1110101100111101011001000001110100000110 1110101100100000111010110011110100000110
1001110000100000000010000100010100000010 1001110000000001000010000100010100000010
0010100101100000100100001100011101000111 0010110000010100100100001100011101000111
0111011111000001111011111010011010100110 0111110000011101111011111010011010100110
0110011111000011011011010110101001011101 0110110011111000011011010110101001011101
0101111111011011111100111011100110110000 0101101111111011111100111011100110110000
1110101011101000100010001001010101110001 1110100010001000100101010111010101110001
0111110001100000000110010100110001101010 0111110000000011000110010100110001101010
1101010000001010011000000111000010100011 1101000000101010011000000111000010100011
0000011111000001011101010100010001010101 0000111110000001011101010100010001010101
1010101111110101001111101011101111011111 1010111111010101001111101011101111011111
1000111001101100110111001011111111100100 1000110110011100110111001011111111100100
1010010011111100100101011001111001110110 1010011111100100100101011001111001110110
1101111101111000001011000100000100010000 1101111000001011111011000100000100010000
0110111110110011010010100110000101110110 0110011011111011010010100110000101110110
0110110000011111011011101101100011101100 0110000011111011011011101101100011101100
1101100000011011000100010010001110011000 1101101100000011000100010010001110011000
1011110110000001100110010001111100000111 1011111000001111011000000110011001000111
0111110000011110110001111100101101010111 0111101100011111000001111100101101010111
1100111111100110010111110101000101101100 1100110011111110010111110101000101101100
1000100011111100000011101010101011101111 1000111111000100000011101010101011101111
0001011101111100001111101110011111101000 0001011111000011111011101110011111101000
0001010111111010111001000011010110101000 0001011111101010111001000011010110101000
1001001111110000000100101011001101011101 1001111110000000100100101011001101011101
1110101010111001100100110101010011001101 1110101010011001101010101110011001001101
0000100111001111111100111011001101110011 0000100111111110011100111011001101110011
1001001111110011111000101010001000010010 1001111110010011111000101010001000010010
1010000000000010101010000100000110110110 1010100000000000101010000100000110110110
0110000000000001100000001101000110001100 0110000000110000000000001101000110001100
1100000111110011100111011111111100110100 1100111000001111100111011111111100110100
1101000000010010010111010010000110011100 1101001000000010010111010010000110011100
1110110111111101101000001100100110100011 1110111111101101101000001100100110100011
1011111110110111101111100010101100000001 1011011111110111101111100010101100000001
1101010010011110000011001011011111100110 1101010011110000011001001011011111100110
1101000010000000001001000101001001000001 1101000000000100001001000101001001000001
1111000001111110100001101101100011000101 1111100000111110100001101101100011000101
0010010111011111111011101111011011011110 0010010111111110111011101111011011011110
1111001111000000011111110010100010101000 1111000000011110011111110010100010101000
1100000000110001100111111000111100111011 1100011000000001100111111000111100111011
0101011111100000010111100010001100111101 0101111110000001010111100010001100111101
1100100000011001011001001101101010010101 1100101100100000011001001101101010010101
1101101111111010101000010110101000111010 1101111111011010101000010110101000111010
0011000000000001100000011110001000111110 0011000000110000000000011110001000111110
1001000001001100100100011010010111110101 1001100100000100100100011010010111110101
1001011001010101100111100010110000000111 1001010101100101100111100010110000000111
0110100100010100001100010010100011110001 0110100001100010010100100010100011110001
0111110101101000100000000000001000010110 0111110101101000000000000010001000010110
0100001111100000111110000001011100011001 0100000111110000111110000001011100011001
0001111100000110110101011000111011000010 0001101101010110001111100000111011000010
0111000111010111001000010001100101010110 0111010111000111001000010001100101010110
1011000001011111111011100111110011111101 1011111111011000001011100111110011111101
1111000001000001111010111110100010001001 1111010111100000100000111110100010001001
0101000010100010111010000011010011000010 0101000101000010111010000011010011000010
0010010000000100111111011111100110100110 0010000000100100111111011111100110100110
1110000000000011101110011001001101110011 1110111000000000001110011001001101110011
0111100110000111110101100010111101001000 0111110101100010111100110000111101001000
0110011011111011000011111010001110101000 0110111110110011000011111010001110101000
1000001100000111000100100100100101011100 1000001110000011000100100100100101011100
1110111000000001000100000010001001101111 1110111000100000000100000010001001101111
0110011111011000110111011010011000010111 0110001100111110110111011010011000010111
1111000001111100000110101100001111000001 1111100000111100000110101100001111000001
1101000000101010010001100001000110111100 1101010000001010010001100001000110111100
0011011111101101011011111010001111011001 0011010110111111011011111010001111011001
1100100001000001101000000010100011111101 1100100000110100000001000010100011111101
0011111000001100111100100000001100010101 0011001111100000111100100000001100010101
1101111111011010111001110000010001010011 1101101111111010111001110000010001010011
0001000011111111010111100101000101100011 0001111111101011110010100010000101100011
0110111110110011011110111011101010001100 0110011011111011011110111011101010001100
0100000000100010000111101100010110100101 0100010000000010000111101100010110100101
1011101100011011100100001011100000110000 1011000110111011100100001011100000110000
0100111110100001111100000111110000100011 0100001111100000111110000100111110100011
0011111001011011111000001111011011001001 0011111000001111100101101111011011001001
0000111110000010101111101100001000110101 0000011111000010101111101100001000110101
0111110111100000100001110100010001001011 0111100000100001111101110100010001001011
1101000110001100011101101111010010100010 1101101000110001100011101111010010100010
1001110111100111110000011110101110111011 1001111100000111011110011110101110111011
1010001011010110101001001111101001100001 1010110100010110101001001111101001100001
1111100000111101101100100011101111011011 1111000001111101101100100011101111011011
1010100000010100011111001100111111110001 1010000001010100011111001100111111110001
1010111111010101001100010010100001010001 1010101111110101001100010010100001010001
0011111100000110111011111010010101101100 0011101111110000011011111010010101101100
1010111111001010000001001010010100010110 1010000001001010111111001010010100010110
1111101000000101010100000010101100100111 1111101010000001010100000010101100100111
0101011111101010010010010000001101111010 0101111110101010010010010000001101111010
1110111111010111111011111100100010110001 1110101111110111111011111100100010110001
1011011000010000110110101111100000011110 1011000010000110110110101111100000011110
1100000111110010101011101001101110010011 1100101010111010011011100000111110010011
1100111111100110011101111100110100110011 1100110011111110011101111100110100110011
0100011111100010001110010111001111001111 0100010001111110001110010111001111001111
0101000000101011001011101111010000101011 0101010000001011001011101111010000101011
0101010000001010110010100100110111100010 0101000000101010110010100100110111100010
0001100011111000001000110001110001001011 0001111100000110001000110001110001001011
0011001010100000010100000010110111010111 0011001010000001010100000010110111010111
0010011101110000000001011011110010000111 0010110111100100111011100000000010000111
1010101111110100001101110000101111000110 1010111111010100001101110000101111000110
1001010111110001011111100001001010111000 1001011111100001010111110001001010111000
0011011010010000000100111111110000101110 0011011010000000100100111111110000101110
0100011111001111100001110101111101110100 0100011111000011111001110101111101110100
1111100000111100101110100110111100110001 1111000001111100101110100110111100110001
1010101111110100011110010110011000111111 1010111111010100011110010110011000111111
1011010000111110101101110001000100110010 1011011010000111110101110001000100110010
1110011000010001101111100110010101010101 1110000100011011111001100110010101010101
0000101111111011011111001010011110110011 0000101101111111011111001010011110110011
1010100000010100011101001011010011011100 1010000001010100011101001011010011011100
1111000001111100111111110000010001101101 1111100000111100111111110000010001101101
1100000111110000001011100100111001010111 1100000010111000001111100100111001010111
0100111110100010010111111010111101010011 0100010011111010010111111010111101010011
0000110100011010000010100101111111010000 0000011010001101000010100101111111010000
0001000001111111011011100100100010111111 0001111111011011100100100010000010111111
1011010010011111100100111011111111000010 1011010011111100100100111011111111000010
1110000110011010010000011110011101001111 1110011100001100110100100000111101001111
1010110000001011010110100011110110010111 1010110101100000010110100011110110010111
1011101100000100000110000101000111010000 1011101100000110000010000101000111010000
0110111110000010000000000110000100100101 0110111110000000000110000010000100100101
0011101101101001111011001000110001101110 0011110110010001110110110100110001101110
1101000001111110110100100010101111110111 1101101000001111110100100010101111110111
1000000000001000000100001111011000101000 1000000100000000000100001111011000101000
1000011111111110000010101111011101100100 1000001111111111000010101111011101100100
0100110010110110000001110111000000111101 0100111011100000011001011011000000111101
1011111111011101110100001010101100001100 1011101111111101110100001010101100001100
0010000000001111110110010000011111000111 0010000011111000000000111111011001000111
1010000000010100010100101010000101111000 1010001010000000010100101010000101111000
0111011001100000001100010000110001111111 0111011000000011001100010000110001111111
1000101101010010000011111000110001000001 1000001111100010110101001000110001000001
1100000001100110011001000110000000110001 1100110000000110011001000110000000110001
1101100111110010101111100001100011000100 1101100011001111100101011111000011000100
0011100110101011011111000000111000010100 0011010101101111100000011100111000010100
0011011110111111111011111100001111011011 0011011111111101111011111100001111011011
0100101011101000001111000001000001111010 0100000111100000100101011101000001111010
0110111111101101100101000010011000001001 0110110111111101100101000010011000001001
1110101000000101001100101001001000010111 1110100000010101001100101001001000010111
1000100000011010001000000000101111101111 1000000110100010001000000000101111101111
1011000001110000011001000100001111110101 1011000001100000111001000100001111110101
1011011000000110001001100101010000000010 1011000000110110001001100101010000000010
0111111101011111110000001011111111100100 0111111100000010111111101011111111100100
1110111100000111110011000011000001010010 1110000011111011110011000011000001010010
0101111101111111111000011111011000000001 0101111111111000011111011111011000000001
1010010100110000011100000101011011100000 1010011000001110000010100101011011100000
1110001111100111110111001111000011100101 1110011111000111110111001111000011100101
0100101000011111011000001110001111101101 0100101000001110000111110110001111101101
1011011000000110110000110100111010011101 1011000000110110110000110100111010011101
1110000011111100000110001010100100100000 1110000011000001111110001010100100100000
1010000111110000010000100100110111101011 1010000100001111100000100100110111101011
1101010000001010110010010111000011110111 1101000000101010110010010111000011110111
0010001000000001011101011010010001100101 0010000000010001011101011010010001100101
1100000111110011000110101001100011101001 1100110000011111000110101001100011101001
0011110101101111000001000110101000010000 0011110111100000100011010110101000010000
0111110000011111010010010000101111110000 0111110100100100001011111000001111110000
0011111000001100001110011100110111001110 0011000011111000001110011100110111001110
0010010000000101110111011110111101001010 0010000000100101110111011110111101001010
0110010101101001110010000101001101001001 0110100111001000010100110010101101001001
0011100000101111011100010011011011000101 0011110111000001011100010011011011000101
1001000001000001100000101001000001111111 1001000001100000100000101001000001111111
0110011000001111100011111111001000100100 0110000011111001100011111111001000100100
1001001111110011000000101010001010011110 1001111110010011000000101010001010011110
0011010111111111111101011101100001111110 0011010111010111111111111101100001111110
1000101111100000111010011111110111001110 1000101110100111110000011111110111001110
0110001110011111011100111110100101001000 0110011111011100011100111110100101001000
0100111111100110010111111011101100101001 0100110011111110010111111011101100101001
1100111011100110010100010000011010001001 1100110011101110010100010000011010001001
1010110011000100011011001100110011000111 1010110001000110011011001100110011000111
0010000010000011100001111011111111101010 0010000011100000100001111011111111101010
0001010000111111010000110001111110100110 0001111110100001010000110001111110100110
0111000001100000111100000100010010110100 0111000001111000001100000100010010110100
0011100111111110011001110111101100001100 0011111111001110011001110111101100001100
0101000000101010011111011101110110000000 0101010000001010011111011101110110000000
1001011111101010110001101110000000111101 1001010111111010110001101110000000111101
0000111110000011000100001101000000000001 0000011111000011000100001101000000000001
0100100001111100010001001111011110110011 0100001111100010010001001111011110110011
1011011111110111000101011101010110000101 1011111110110111000101011101010110000101
1011000110110000000011011111010110111101 1011000000001101100011011111010110111101
0110001100000000110110101101101011101100 0110000000011000110110101101101011101100
1011001101111110101011011001111011000000 1011111101010110011011011001111011000000
0011111000001101101110100101000000110000 0011011011101001010000001111100000110000
0101011101001000000010000010011100110010 0101011101000000010010000010011100110010
0111110111110011111110001000010010101000 0111110011111011111110001000010010101000
0110011111011111000111111011101101111101 0110011111000111110111111011101101111101
0010111111010101110101100001001111110011 0010101111110101110101100001001111110011
0001000100000000111101100010000111010010 0001000000001000111101100010000111010010
1000011000011111110001101000000011010110 1000011111110000110001101000000011010110
0011100110110011111111111011111011011011 0011011001110011111111111011111011011011
1110100000001000001010010000010100010101 1110100100000101000000010000010100010101
1101010111000001111111101010000010100000 1101011100000111111110101010000010100000
0011101001001111110100100000001010001010 0011101001000000010100100111111010001010
0110010011000110011010001000001111111100 0110001100100110011010001000001111111100
0111011000101111001101011010011001000100 0111010110110001011110011010011001000100
0101101101010000001011100111000100110100 0101000000101101101011100111000100110100
1011000000110110110100001001111011111001 1011011000000110110100001001111011111001
1100101000101000111101110010101010001101 1100101000111101110010100010101010001101
0100010110111000001111011011111011011110 0100010111000001111011011011111011011110
0101001111101101000100000101000000010010 0101000100000101001111101101000000010010
0010101111110101011000111110111111110100 0010111111010101011000111110111111110100
1010011111000001100110011100100000101100 1010011001111100000110011100100000101100
0101110010110001011011000011001011000101 0101100010111001011011000011001011000101
1111000001111100101110111101100111000011 1111100000111100101110111101100111000011
0001100000100000101000010110001010011010 0001000001100000101000010110001010011010
1100000000010000100001101011000100010110 1100001000000000100001101011000100010110
1011000001011101110101110010010001000101 1011101100000101110101110010010001000101
0111110000011110111100100110001111111011 0111101111100000111100100110001111111011
1111000001111101010000001011001101100101 1111100000111101010000001011001101100101
0101000000101010000001111010001000000001 0101010000001010000001111010001000000001
0001101100110011111000111110000011010111 0001111100000110110011001111100011010111
0011110011111111100110011110110110111011 0011111111100111100110011110110110111011
0001010000001010101110111101101110111011 0001010100000010101110111101101110111011
0110101111101111110001010010001010100001 0110100100010101111101111110001010100001
0000010101000001010110100001000111000100 0000101010000001010110100001000111000100
1110011111111001110110110100101111110110 1110011100111111110110110100101111110110
1011011110000000000111011010100010110100 1011110000000000111011011010100010110100
0010000100000000010001010110010100001100 0010000000001000010001010110010100001100
1010010001110000010110011110100100001101 1010001110000010110011110100100100001101
0111011111111011100111100010110000100010 0111111110111011100111100010110000100010
1110110001101000010010011010010100101011 1110100001001001101100011010010100101011
1001111110111111010111110101010101101111 1001111110101111110111110101010101101111
1011111000001101101101001001101011100110 1011011111000001101101001001101011100110
0110000011111000100011111001110101101001 0110001000111110000011111001110101101001
0110100101100010010011010111000011010100 0110001001001101001011010111000011010100
1011011000000110111010111011011000010110 1011000000110110111010111011011000010110
1110010110111111110100101111011100111110 1110100101111001011011111111011100111110
0110000001001101001101011111001010000000 0110100110000001001101011111001010000000
1110111011111111011101010011001001101111 1110111111110111011101010011001001101111
1100000111110000000111111101111010110011 1100000001111111011110101100000111110011
1100000001100110011000010100111110010000 1100110000000110011000010100111110010000
1001100111111100100010001000101010011110 1001111111001100100010001000101010011110
1001110101010101000011000110010001111111 1001100011101010101010000110010001111111
1010111111010101110110100110001101011100 1010101111110101110110100110001101011100
0000011111000001001011111001100011100010 0000111110000001001011111001100011100010
0000100011111100011111010101000011110100 0000111111000100011111010101000011110100
1010010001111100000111101110111011101101 1010010001111011111000001110111011101101
0001000111111000101000000000000011100101 0001111110001000101000000000000011100101
1001000101110011010101001101010001010111 1001101010100100010111001101010001010111
1100001111101111100001111111110000001011 1100001111111110000111110111110000001011
0010111011000110110011101100011110101001 0010110001101110110011101100011110101001
1110000111110111110000010111000111100000 1110111110000111110000010111000111100000
1000111110001111111111000010000101110011 1000111111111100011111000010000101110011
1011110000010101010000011111011100001101 1011111011110000010101010000011100001101
1010000001010101100100110011101011111000 1010100000010101100100110011101011111000
0011010000000101001010101011111100110100 0011010010100000001010101011111100110100
1000011110111110111101011100000111110001 1000001111100001111011111011110101110001
0101100000001011001011100011100001001011 0101100101100000001011100011100001001011
0101000000101011000111100101110101010010 0101010000001011000111100101110101010010
1011101100000101100110000010010100110111 1011000001011101100110000010010100110111
0100100101111101000000011010100001001001 0100101111101001000000011010100001001001
0011111000001110010100101010100100011100 0011100101001010101001000111110000011100
1101000001111101010000100010010100110010 1101010000011111010000100010010100110010
1011101100100111100000101010110110100110 1011001001111000001010101110110110100110
1010110101111110011111001010001011010011 1010111111001111100101011010001011010011
0110111110000001011001011001101000100001 0110010110111110000001011001101000100001
1010001101000000001101011010000011011111 1010000000011010001101011010000011011111
0101100000000000110110110101001110001000 0101101100000000000110110101001110001000
1000111001001001001111101111111111000011 1000111110111111111100001110010010010011
1000001010110010111111010110011101001111 1000001011001010111111010110011101001111
0100001111110000100001000011100011010101 0100001000011111100001000011100011010101
0101001000011111111110000000111011100111 0101001000001111111111000000111011100111
1001010000011100000000000000010001111001 1001010000000000000001000001110001111001
0011001011110001100001000010111111110010 0011000110010111100001000010111111110010
0110000000011000110011011001011110111011 0110001100000000110011011001011110111011
0100011101010000100101001011100110010000 0100001000111010100101001011100110010000
0110101111110101011110001111100001011000 0110101011111101011110001111100001011000
0101101111100000110111101011111111000000 0101111100000110110111101011111111000000
0010101111110101110011010101011001100000 0010111111010101110011010101011001100000
0001011111101010111101100100111110000111 0001010111111010111101100100111110000111
1100101000001111010010011101010000010100 1100100101000001111010011101010000010100
0010111011000001011011111111111001111001 0010110000010111011011111111111001111001
1101100101100111111011001100111111111000 1101100111111011001011001100111111111000
1110011111110100110100101100110100001010 1110011010011111110100101100110100001010
1100000001100110010110011011110001010000 1100110000000110010110011011110001010000
0001000001001111100011010110000110101010 0001001111100010000011010110000110101010
0101000011111000001010000101111111110010 0101000010100001111100000101111111110010
0110100000011010110000101011001001001110 0110101101000000110000101011001001001110
1010011111111000001100000110000001100000 1010011000001111111100000110000001100000
1111000001111110100010011000000011100111 1111100000111110100010011000000011100111
0101000001011101101010001001100001101110 0101110110101000001010001001100001101110
1110000000010001000001111001000100010011 1110001000000001000001111001000100010011
1001110010000011001110010000111011100100 1001000001100111001110010000111011100100
0111010100000010100111010101000000001011 0111010000001010100111010101000000001011
0101111101111000001000111100010010001000 0101111000001000111110111100010010001000
1010000000100100010111011010111001001101 1010010000000100010111011010111001001101
1010110011010100011011110000101001100000 1010101100110100011011110000101001100000
1010110101111111010001010000000001111100 1010111111101011010001010000000001111100
1001111100000111011111011111111101111010 1001110111110000011111011111111101111010
0010110100010010110101110010011111000011 0010010110100010110101110010011111000011
1111010100000010100100100011000100100011 1111010000001010100100100011000100100011
1001111110010011010111111001000001001001 1001001111110011010111111001000001001001
0011100010101011100011010011110010000100 0011010011100010101011100011110010000100
0001111110110100100011111000001111000110 0001111100000111111011010010001111000110
0110101010110110101111001111101110100101 0110110101010110101111001111101110100101
0100111111001001101100111100001011110011 0100100111111001101100111100001011110011
0011100011100000000111000111110010100110 0011100000000111000111000111110010100110
1101101111111011111101111010010001001100 1101111111011011111101111010010001001100
1111100000111100000011011011100100111101 1111000001111100000011011011100100111101
1111100000100000111100010101111111001100 1111000001000001111100010101111111001100
1000001111100011010110000001001000111001 1000110101100000111110000001001000111001
1000011001111111101011011111101001010110 1000011011111101001010110011111111010110
0100110001101111100111111111101111110100 0100110111110011000111111111101111110100
1110110110111110000001101000001011100000 1110000001101000001011101101101111100000
0110000001101101110010100001001100111101 0110110000001101110010100001001100111101
0010101000000100101100110101101010011011 0010010101000000101100110101101010011011
0011110010110000011110010100111111011001 0011110010100111100101100000111111011001
1100100010101100000000001111100101000011 1100000000001111100100010101100101000011
1010100000010101111101010011100110000100 1010000001010101111101010011100110000100
0101101011010000001101011101000111101011 0101101000000110101101011101000111101011
0100011001001111001011111000001111100001 0100000111110001100100111100101111100001
1000100101111101001011110011100010110010 1000101111101001001011110011100010110010
1100111000001011011010000000111000001100 1100000101101101000000011100111000001100
1000110100000000110100010000001100000000 1000000001101000110100010000001100000000
0010111111010101001000110101001101101010 0010101111110101001000110101001101101010
0001101011001010101000101001100111100100 0001100110101100101010100010100111100100
1000010010011111100100001011011110101111 1000010011111100100100001011011110101111
1100010100000000101000111110100111110010 1100000000101000101000111110100111110010
0001001000111111001000100000000010010011 0001111110010001001000100000000010010011
0101011111000001010110111001110111100011 0101111100000101010110111001110111100011
1101001111100110000011101111111111001100 1101001100000111011111111110011111001100
0110100000011010110110001010000101111110 0110101101000000110110001010000101111110
0110001100000000110110100001011101111110 0110000000011000110110100001011101111110
0101000000010010000001101101011100001100 0101001000000010000001101101011100001100
0000010100011111100111111001001101101110 0000010100011111100100111111001101101110
0100010011111010010000001110010110011111 0100111110100010010000001110010110011111
0101010000001010011100000011111010100101 0101000000101010011100000011111010100101
1010100000010100111000010110101001010101 1010000001010100111000010110101001010101
1101111111011011110011110101001100111010 1101101111111011110011110101001100111010
0001101011110100011010111000000010110110 0001101011100000001101011110100010110110
0110101011101011101100110110111011110001 0110011010101110101110110110111011110001
1110000000100111001001110100101011011111 1110010011100000001001110100101011011111
1101001101001111111010010110001100100110 1101001111111010011010010110001100100110
0111000000111011111101001100011110011100 0111011100000011111101001100011110011100
1101001000101100000000000111010101001010 1101010010001011000000000001110101001010
1101111011000001101100010001100001011110 1101100000110111101100010001100001011110
1010110000011110101000011100110100001100 1010101100000111101000011100110100001100
1011001001111111100100111000011111101111 1011001001110010011111111000011111101111
1110000011111011001110110000010101010110 1110110011100000111110110000010101010110
0101010000001011110111000000100000001011 0101000000101011110111000000100000001011
1101111100000110001101100011011110110001 1101100011011111000001100011011110110001
0011010100000010101111011100101001000100 0011010000001010101111011100101001000100
1100000111110010000110011100101101011011 1100100001100000111110011100101101011011
1110010000101110101011010101000010111000 1110101011010101000010111001000010111000
0111101111111110111110100101011001011111 0111111111011110111110100101011001011111
0101000000101011010011011000110000010111 0101010000001011010011011000110000010111
1001011110000011111011110110000111111000 1001011110111100000111110110000111111000
0011000000011001110111000010000001001110 0011001100000001110111000010000001001110
1101001111101011010011101100000100011111 1101011010011111010011101100000100011111
0110000111110000011111001011001111010001 0110000011111000011111001011001111010001
0010000000010011100101100010000101111011 0010011100100000000101100010000101111011
0101001101001101111110011011110110110010 0101001101111110011010011011110110110010
0011111110011001101011000000111100110000 0011001111111001101011000000111100110000
0000111110000011010110000100001011100100 0000011111000011010110000100001011100100
0010011111000001001000000100110100010001 0010010011111000001000000100110100010001
0111110000011110001110100000010010110011 0111100011111000001110100000010010110011
0010101111110101101000011010101000001101 0010111111010101101000011010101000001101
1110010001010100101110000010010001111101 1110000010010001111100100010101001011101
1100110011011010101001111110001110011111 1100110110101010011111100110001110011111
1111100000111111110000010001011100011011 1111000001111111110000010001011100011011
1101111111011010011101000111001100100010 1101101111111010011101000111001100100010
1110010010000000101010111101000000000110 1110010000000100101010111101000000000110
1101111011000001101111100011000110101000 1101100000110111101111100011000110101000
0100111111110111011101001000110010010101 0100100111111110111011101000110010010101
0001000001111100000111011111001101100011 0001111100000100000111011111001101100011
0001001101100000111110000011110111100110 0001111100000100110110000011110111100110
0001000001100000111000000011101110000000 0001100000100000111000000011101110000000
0101110101111111101011011110101110010101 0101111111101011101011011110101110010101
1011010000011110000011111110000001111011 1011010000011111110000011110000001111011
0010010000000101000010111011000010111110 0010000000100101000010111011000010111110
0010000011111000001000000110001111010110 0010000010000011111000000110001111010110
1110111111111011110010001101000111100010 1110111101111111110010001101000111100010
0101100001111100110110011010010010011010 0101101100001111100110011010010010011010
1101000011010000111111101011100111001011 1101000011111110100001101011100111001011
0100010000111110000100110000111100100000 0100001111100001000100110000111100100000
1011100110111001000001011011010111110010 1011100100000101110011011011010111110010
1100101001000000100101001000001110011111 1100100000010010100101001000001110011111
0100100110000011110011100101011000110001 0100110000011110010011100101011000110001
0010110000010100101010100110010001101100 0010100101100000101010100110010001101100
0111000000011001100010011110010010100011 0111001100000001100010011110010010100011
0010000000010001001001100101110111110111 0010001000000001001001100101110111110111
0011111000001111101100110001100010001001 0011111011001111100000110001100010001001
1011100000110101100000111110001101001101 1011100000111110000011010110001101001101
1110101111111010110100100001101010000000 1110101101011111110100100001101010000000
0100011000011010110010110010111110101111 0100011010110000110010110010111110101111
1111010100000010100101001100011011110000 1111010000001010100101001100011011110000
1100000010000001010100011101010001100111 1100000010101000000100011101010001100111
1101101010111111011111111100000111011100 1101010111111011011111111100000111011100
1010101111110100111100000000010001100011 1010111111010100111100000000010001100011
0001111100000101110001101101000110110111 0001011100011111000001101101000110110111
0111100000011110111111011100000011000110 0111101111000000111111011100000011000110
0010100111111111011111000001111110100101 0010100111110000011111111101111110100101
1011111101010110111010011010011101101000 1011011111101010111010011010011101101000
0101110011000001001110011110000110000101 0101110011100110000010011110000110000101
0110111100000111100001011010000000101111 0110110100000001011110000011110000101111
0100000011010001000111111110010010011010 0100010000001101000111111110010010011010
1100001111100111110000110010001110000100 1100111110000111110000110010001110000100
0110110000001101000110110001111111001010 0110000001101101000110110001111111001010
0101011111001111100011100011100000001000 0101011111000111110011100011100000001000
1001111111000111110000011110111100000110 1001111100000111111100011110111100000110
0110101101111110110100011111010111100111 0110111111011010110100011111010111100111
1110110000011100111110100000011110011000 1110011111011000001110100000011110011000
1100100111110101000001110100011110000101 1100100000111010011111010100011110000101
1101011111111110011111110100011111110101 1101000111111101011111111110011111110101
0010000000100101011101111111110010110110 0010010000000101011101111111110010110110
0011110101101010011111000001101110000100 0011111000001111010110101001101110000100
0011111000001110000001001010111110101101 0011100000010010101111100000111110101101
1111000001110000011110000010110010101101 1111000001111000001110000010110010101101
0011100011010100010101100011011011101010 0011010100010101100011100011011011101010
1001011111101010111100101110101010110000 1001010111111010111100101110101010110000
0001000001111000001011110001111111101011 0001111000001000001011110001111111101011
1110110111001111100010011101000011011001 1110011111011011100010011101000011011001
0111110111110011110110101011100100100111 0111110011111011110110101011100100100111
1100100001001101011010111101101000001101 1100100110101101011110110100001000001101
1011010010000111000111110011111000111011 1011010010001111100111110000111000111011
1101010000001010111000011000101000111101 1101000000101010111000011000101000111101
1110000011111010111100000100000000000001 1110101111000001111100000100000000000001
0010100000110000010001110011001100001110 0010100000100000110001110011001100001110
1101000001100011111001110000000001011111 1101000111110011100000110000000001011111
1100011101011111111010111010110000010010 1100011111111010111010111010110000010010
1001000000111111111110010111111001110110 1001011111100100000011111111111001110110
0001101101010110100100010001111011001100 0001000110110101011010010001111011001100
1101011111101010111000000000000110011000 1101010111111010111000000000000110011000
0101111111011011000100001011110000110100 0101101111111011000100001011110000110100
1110100000000111001010111101000000101001 1110010101111010000000011101000000101001
0100111000001100000110101101111000010010 0100110000011100000110101101111000010010
0000011111000011001111111010100010100110 0000111110000011001111111010100010100110
0110011000000011001010111001011101101011 0110000000110011001010111001011101101011
1100110110111110010110101111100100111011 1100101101011111001101101111100100111011
0101110101000001100000010101011000101000 0101000001100000010111010101011000101000
0110000001101101100010100110101111010001 0110110000001101100010100110101111010001
1010111111010101101100110001110011101011 1010101111110101101100110001110011101011
1101111111111001111101110000001100010000 1101111101111111111001110000001100010000
0011000001010010011111010010101100011010 0011111010010101100011000001010010011010
1100101000011000001111100110011101101101 1100000111110010100001100110011101101101
1000011100111111110011011011110001001101 1000011111111001110011011011110001001101
0000110101000111001001011111110010101110 0000110100011100100101111111001010101110
1011101100000101111010110001011001011000 1011000001011101111010110001011001011000
1110000011111010111011110001000010111111 1110101110000011111011110001000010111111
1110000110100110000010000011110001000001 1110000010000011110000110100110001000001
0011000000000010011100110011101010000011 0011100110000000000100110011101010000011
0110011111000010000010000100110100001111 0110011010000111110000100000100001001111
1101111100111110111110111001000010011010 1101111101111100111110111001000010011010
1010111011111111011011011111100100000010 1010111111110111011011011111100100000010
1000111111000100001111100011011011100010 1000100011111100001111100011011011100010
1001101011001000010011001101101001010111 1001000010011010110011001101101001010111
1100111111011001011001110101100111110110 1100101100111111011001110101100111110110
0011000000011001100110110010010101011010 0011001100000001100110110010010101011010
1100100011111111111100100011001001100111 1100100011001000111111111111001001100111
1010111111010100000101101101100101010101 1010101111110100000101101101100101010101
0011001011100101111111100100110000010010 0011001011111111001011100100110000010010
1001100011111000011001100111010001011100 1001100110001111100001100111010001011100
1001000000101010000111110010000001010110 1001010100001111100100000010000001010110
0111010111000111011101011111110010101111 0111000111010111011101011111110010101111
0010101000000111111111110100110100100011 0010100000011111111111010100110100100011
1011011010101011100110000000110001100100 1011010101011011100110000000110001100100
0101010000001010110110001010010011011111 0101000000101010110110001010010011011111
0111110001010001010111000010100111001011 0111000010100111110001010001010111001011
1000010000000001111110000010001011101000 1000000000111111000010000010001011101000
0010001111111001100111010000001101101010 0010001100111111100111010000001101101010
0010110111111101100010001101011111111101 0010111111101101100010001101011111111101
0010010011111000111110010011001100100011 0010011111000111110010010011001100100011
1011011111000001101101011000001000100010 1011111000001101101101011000001000100010
1000100000000100011001110110000110101001 1000000001000100011001110110000110101001
0001000111110111110000110101111111101001 0001111101111100001000110101111111101001
0000111101111000111110011111000110111111 0000111110011111000111101111000110111111
1100001011111010010010100100111010110101 1100001001011111010010100100111010110101
1110010000000010100011100001111111111111 1110010001110000000010100001111111111111
0111001011011111100100111110000111000111 0111111001001110010110111110000111000111
1001110001000001011000100100010111111011 1001110000010110001000100100010111111011
0100100000001001100110011011101000111011 0100000001001001100110011011101000111011
0001101100111101011110011011001111010010 0001111010111100110110011011001111010010
1101101111111010011110001100010111000010 1101111111011010011110001100010111000010
0100101111110101011111101101011111111001 0100101011111101011111101101011111111001
0111011110110011010011111110101000100101 0111101100110100111011111110101000100101
1010000001010000001000001000111101101110 1010000001000000101000001000111101101110
0000110110110011001000111011000000100110 0000011011011001100100011101100000100110
1101001111011111000011111010111010101100 1101111100001111101001111010111010101100
1111100000111110000111101000011000001111 1111000001111110000111101000011000001111
1001111011100111000001000000111001000110 1001110000010000001110011110111001000110
0100111110111111111101111001000101101110 0100111111111101111101111001000101101110
0101110000010000011000011010000011010100 0101110000011000001000011010000011010100
1000001011111010010010011010101011101101 1000001001011111010010011010101011101101
0111111111011110111010101001110010110110 0111101111111110111010101001110010110110
1100010100000000000010100101101100111101 1100010100101000000000000101101100111101
0010010110000001101100110001111000011010 0010010110110000001100110001111000011010
0010011001001111010011101100101001011110 0010011110100111011001001100101001011110
1110000001110111001110101010111100110011 1110111000000111001110101010111100110011
1110010111000001111101110111010001010101 1110000011111001011101110111010001010101
0101011001101010000011001000000111110000 0101100110101010000011001000000111110000
1100011001111101100100011111110000110010 1100111110110001100100011111110000110010
0010111000001001111011011001101101110111 0010110111000001001111011001101101110111
1001000101001000111111010010011100100111 1001000111111010010001010010011100100111
1101111111011010001101000101010011110011 1101101111111010001101000101010011110011
0110110101010110101110001110100111100011 0110101010110110101110001110100111100011
1101101000000111110000100000100010010111 1101101000001000000111110000100010010111
0011111110011001110010011101001000111110 0011001111111001110010011101001000111110
0111111110101101001110001001101111100000 0111000100110111111110101101001111100000
1111000001111101101011001100111011100001 1111100000111101101011001100111011100001
0010010000000100110000111001110101101000 0010000000100100110000111001110101101000
0101010000001011100100010000001010001111 0101000000101011100100010000001010001111
0101001100010000111110000011111011001101 0101001111100000110001000011111011001101
1010000011111100000110000100110011011111 1010000011000001111110000100110011011111
0001000111110000010101000111001111000111 0001111100000100010101000111001111000111
1010101111110101111110100110111000111000 1010111111010101111110100110111000111000
1001011011010100101111101110000110100110 1001011111011100001101001011011010100110
1101000100111110101010000110110000001111 1101010100001101000100111110110000001111
0110000110001001010101001010010101010010 0110000110001010101001001010010101010010
1000111111010100010101000110111111100111 1000101010001111110101000110111111100111
0001010111100100001111100000111101111100 0001111100000101011110010000111101111100
1110000011111000101000110000001110110100 1110001010001100000011100000111110110100
0100101011111101011000110111011111111000 0100101111110101011000110111011111111000
1001101101100000101111110000001100110100 1001100110110110000010111111000000110100
1111100000110000010000101000111010000101 1111100000100000110000101000111010000101
0101001111101000100111000011101110010111 0101000100111110100111000011101110010111
0001001111110010010010010010110000000100 0001001001111110010010010010110000000100
1110011001000000000010010011101010010100 1110010000000000100110010011101010010100
1100000100000000001000100110111101111010 1100000000001000001000100110111101111010
0110110111000001111011011001010010111011 0110111000001111011011011001010010111011
0110111110110011001110010000111000110011 0110011011111011001110010000111000110011
0011011000101101100001111100000111001011 0011111000001101100010110110000111001011
0100110110011000000110011010010110001101 0100110000001100110110011010010110001101
0001100101000111110000010110100000010111 0001111100000110010100010110100000010111
0010000001010101000000100111000101110100 0010101010000001000000100111000101110100
0001100000100000110011100010000110110110 0001000001100000110011100010000110110110
1100111111100000111110000010101110100001 1100000111110011111110000010101110100001
0001001011110001010100000010001001111111 0001010100000010010111100010001001111111
1111010101111110101110010001110001100100 1111101010111110101110010001110001100100
1100011111100010001011111010001011010011 1100010001111110001011111010001011010011
1111100000111100010101010101111001001001 1111000001111100010101010101111001001001
0010011111000001001000010000001001001001 0010010011111000001000010000001001001001
0010111111011111000101000010011000001001 0010100001011111101111100010011000001001
0001011111001111110001010110000110100101 0001010110000101111100111111000110100101
1110000011111010010000011111101000000111 1110100100000111111000001111101000000111
0101101011111110101111000100011100010011 0101111111010110101111000100011100010011
1100110111110110011010101101101011110101 1100110011011111011010101101101011110101
1011111110110110011001010110111010010011 1011011111110110011001010110111010010011
1011110110001111100110110011011001100110 1011000111110011011110110011011001100110
0110011111001100001101011010000100100111 0110000110011111001101011010000100100111
0100010000000010000010100111000111111001 0100000000100010000010100111000111111001
0100010000000010011001111000100110101100 0100000000100010011001111000100110101100
0001011111001000100101101011100101111010 0001000101111100100101101011100101111010
0100011000001110100001001000111101011100 0100001000110000011101001000111101011100
0101110000110000000001100000000001010011 0101110000000001100001100000000001010011
0111010001100000011111000001111000100001 0111110000011101000110000001111000100001
0110010001110001111001010010100000110001 0110001111001000111001010010100000110001
0010010000111110001000100011110101101111 0010000111110001001000100011110101101111
0100001001110111011100000111110000011110 0100000111110000100111011101110000011110
1100100000111011011100101101101000011010 1100100001110110111001011011010000011010
1000100011111100000011010010010000011101 1000111111000100000011010010010000011101
0010001111100001001010001111111101010101 0010010001111100001010001111111101010101
1101001010010111111001011100110011111100 1101001011111100101001011100110011111100
1101000101111000100100010001010000001010 1101000000101000101111000100100010001010
1001110000011110000011110001001111111011 1001111000001110000011110001001111111011
0111111010000001001111110101001111001100 0111111010100111111010000001001111001100
0111111101101110101001000100001111000011 0111010100100010000111111101101111000011
1010010011011110110000010100100101011110 1010010010100100110111101100000101011110
1001010000001000000100010000110001101011 1001000000101000000100010000110001101011
1110111101111111110111000000101000000011 1110111111111011110111000000101000000011
1110100000110111011101011101011000101101 1110111010000011011101011101011000101101
0100100000111110010001110011001011111010 0100000111110010010001110011001011111010
1100001101111010010001101010010101100100 1100001101010010101101111010010001100100
0011111000001101011111111111001000010011 0011010111111111110010000100111110000011
1110000011111110000011100011101000100000 1110000011100000111111100011101000100000
1111101011000100011001100010000001011000 1111101011001100010001100010000001011000
0010101111110111111111110101000011010110 0010111111011111111111010101000011010110
1101000001111110110100010100101000110101 1101101000001111110100010100101000110101
1010001101000010111010011111100101111110 1010000101110100011010011111100101111110
