1000111001111110100101001010110000000100 1000111001010011111101001010110000000100
0111000000110111011011101100100000011100 0111011011100000011011101100100000011100
0100001000000000100010000110101011011111 0100000000010000100010000110101011011111
1001000000010010100010111111010110001000 1001001000000010100010111111010110001000
1111100000111110011110111011001110100111 1111000001111110011110111011001110100111
1100001010101000011001010111011000100101 1100101011101100001010101000011000100101
1101010010000000100111011000111001011000 1101010000000100100111011000111001011000
1100010000001110001011100000110011001000 1100010111000100000011100000110011001000
1001011110010111000001001011000110011110 1001011100000100101111001011000110011110
1001000001000001001110011001100110100001 1001110010000010000010011001100110100001
0100000010100000000000100110011110100100 0100000000000100000010100110011110100100
1001110010000011001101100010011110000111 1001000001100111001101100010011110000111
1111101000000011101001110011010001100010 1111101001110100000001110011010001100010
0110000001101101110000010110100111111101 0110110000001101110000010110100111111101
1011011110001111100111011110110101101101 1011110001111100111011011110110101101101
0011000000011001100101000000000011000010 0011001100000001100101000000000011000010
1000001111100011100010010010000010111001 1000111000001111100010010010000010111001
1011001101011111101010110101001000010010 1011111101010110011010110101001000010010
1111011011000000110101001011100000101010 1111011000000110110101001011100000101010
1101111010000011101001011011010000111000 1101000001110111101001011011010000111000
1011111111101111011100011000000000000111 1011110111111111011100011000000000000111
0101110111111110111011110010010011000011 0101111111101110111011110010010011000011
0110111111111100011000011010111101000000 0110000110111111111100011010111101000000
1011010110000001011100010100110010011110 1011000000101101011100010100110010011110
1000000001111111000110000110011010010111 1000110000000011111110000110011010010111
0001101100111001100101110011101101000111 0001110011011001100101110011101101000111
1011011111001100011001000010001100010101 1011000110111110011001000010001100010101
0110000001101101011100110011101011111101 0110110000001101011100110011101011111101
1001100111111100101101111001010011101011 1001111111001100101101111001010011101011
1010111111101101110110001011001001111000 1010110111111101110110001011001001111000
1110001101111111000110110010000110001010 1110001101100011011111110010000110001010
1100100111111001001001110110100101000111 1100111111001001001001110110100101000111
0110000001101101110111110001011101000000 0110110000001101110111110001011101000000
1001011010000010010110110011001110000010 1001011011001011010000010011001110000010
1001011001011111110010110010011111100110 1001011111110010110010110010011111100110
0010001000110110001101110000000011001110 0010001101100010001101110000000011001110
1011001100000001101010101001000111000000 1011000000011001101010101001000111000000
1010100000010100101011001001110100011011 1010000001010100101011001001110100011011
1100000001111111111001111100001110111011 1100111110000000111111111100001110111011
0111001111111100111011111000101100101110 0111111110011100111011111000101100101110
0001100000000110001001110011110111010101 0001100011000000001001110011110111010101
1101111111011011001111011111101100111010 1101101111111011001111011111101100111010
0101101111111011001011111001100011110010 0101111111011011001011111001100011110010
1111000000000011111011100111000111010000 1111100000000001111011100111000111010000
1010000001010100011011110001111001010101 1010100000010100011011110001111001010101
0110110000001100011100111010011001100111 0110000001101100011100111010011001100111
1110110011000000011000000000010001111011 1110110000000110011000000000010001111011
1101111011000001101100101011110010111001 1101100000110111101100101011110010111001
0100111011010011100000011010011011000100 0100111000000110100111011010011011000100
0100100000001000011010101000001101110010 0100000001001000011010101000001101110010
1101101111111011001101111101110110011001 1101111111011011001101111101110110011001
1111011101100000101110111000110100001000 1111011000001011101110111000110100001000
0011000001111100010001000101111100010010 0011000100010001011111000001111100010010
1100010000111011101111000001111111111000 1100000111111111100010000111011101111000
0001110001111100000110100111100010110001 0001111100000111000110100111100010110001
0111101110001011001000110110100011111010 0111000101100100011011010001111011111010
1110011000000011000011011100110000101100 1110000000110011000011011100110000101100
0110101111100001011011000101010100111011 0110110101111100001011000101010100111011
0010101110000011100010101000100011101011 0010101000101011100000111000100011101011
0111011101001011101101010000101000101001 0111010010111011101101010000101000101001
1011111101011111101100101001001110001000 1011111101111110101100101001001110001000
0011000011111000001100001100110001000001 0011111000001100001100001100110001000001
0100001100110110001011000100001010100110 0100001010100001100110110001011000100110
1010101111110101010111100110011101111110 1010111111010101010111100110011101111110
0001000100000000110010110110011011101010 0001000000001000110010110110011011101010
1000101111101111100011110011111000000111 1000111100111110001011111011111000000111
0100001111100011111111110000110111010011 0100011111111110000111110000110111010011
0110010101011001100110101001010010101101 0110011001010101100110101001010010101101
1010000000010001001001101111000100001101 1010001000000001001001101111000100001101
1100000111110000010000101110000111001010 1100000100001011100000111110000111001010
0101001101100110011011111001010111111110 0101010011011001100110111110010111111110
1111101100101001000000100100010101010010 1111101100100000010010100100010101010010
1110010011100011011001011111010100110011 1110001101100101111100100111010100110011
1000110000011010101111001001101011111101 1000110101011110010011000001101011111101
0111110010100001010001000000110110001001 0111110010100010100001000000110110001001
0001000111110000011101011000100111001101 0001111100000100011101011000100111001101
0101001110010001000000000110010000011100 0101000100111001000000000110010000011100
0110010111111010101010000010111101111110 0110010101111110101010000010111101111110
0110101000000101010001000010010000000100 0110100000010101010001000010010000000100
1010111011000001000001111100001000100011 1010111011000001111100000100001000100011
0110000001101101110010100101111100111010 0110110000001101110010100101111100111010
1000001111100001000010000001100000000000 1000010000011111000010000001100000000000
0110000111110000010010100111010110101110 0110000011111000010010100111010110101110
1100000111000011111011001111111111010101 1100001111101100000111001111111111010101
1010111011111111011000011001110000000100 1010111111110111011000011001110000000100
0001101111111110110011001001010011111011 0001100100101001101111111110110011111011
0001000100111001011101101101010111111100 0001001110010001011101101101010111111100
1001011110000011101101101110111000111100 1001011011110000011101101110111000111100
0111000001011110111111110011100101010010 0111101110000010111111110011100101010010
0001110101100111000110110010010100010101 0001101100100101000111010110011100010101
0011100001011010111011011101001010001110 0011101101110000101101011101001010001110
1100111110000111110011110110110001000100 1100001111100111110011110110110001000100
0010010101010010101010010110111000010010 0010101010010010101010010110111000010010
1001110000010011110010111101101110110001 1001111001110000010010111101101110110001
1110101001011111001000000111110011010001 1110010000001111101010010111110011010001
0101100011011101101100010111110011100000 0101110110001101101100010111110011100000
0100001011011011100000111110001011010011 0100000111110000101101101110001011010011
0101111100010110111011010101011011111011 0101101110110101111100010101011011111011
1001111101111111111011101101110110001110 1001111111111011111011101101110110001110
1001110001111100000111111100000111000100 1001111100000111000111111100000111000100
1001111000000010001000111110000011010111 1001111100000111100000001000100011010111
0000111111100110011001010001010011011001 0000110011111110011001010001010011011001
1011011000110000001001101010001110010111 1011000110000001001101010001110010110111
1011111111110111110000111001111000101001 1011111000011111111110111001111000101001
0011111100000101100110110011101000011000 0011011001111110000010110011101000011000
0111110000011110011111000000011100101110 0111100111110000011111000000011100101110
0010011101011000101001111110011011010011 0010011111100110110100111010110001010011
1010101111100000101010010000001011001001 1010111110000010101010010000001011001001
0000011111000000011000000010000111101001 0000111110000000011000000010000111101001
1110000011111010001010111010101110000111 1110100010101110000011111010101110000111
0011111100111110111110000111010010101001 0011111011111000011111100111010010101001
0001111100000100001101011100111000010101 0001000011111000001101011100111000010101
0110000001100000111110010101010010101010 0110000011111000000110010101010010101010
0010010000000101001110011000100111100111 0010000000100101001110011000100111100111
0000111000101111011110100010011010011000 0000101111011110100011100010011010011000
0000111110000000011011100001011111110110 0000011111000000011011100001011111110110
0110000001101100001010100000011001001001 0110110000001100001010100000011001001001
1101101100001111100110010100000100011111 1101100001111100110110010100000100011111
1110000000111001110101001100000000000101 1110011100000001110101001100000000000101
0101111111010010110100101100011110101001 0101101001011111110100101100011110101001
0001111000001110000011011110110000111110 0001110000011110000011011110110000111110
0010000000100101111110111100101010111110 0010010000000101111110111100101010111110
1000111110010000010000000100011010100011 1000001000111110010000000100011010100011
0010011000001110001000001001111010001110 0010000010011000001110001001111010001110
1100011000000001100100101100100110001000 1100000000110001100100101100100110001000
0010000001111101001000001111101001111111 0010010000001111101000001111101001111111
1100100001011111000100011101110110110101 1100101111100010000100011101110110110101
1011010011100101100000010011111000111101 1011010010110000001001110011111000111101
0010101000000100100110111011011011101010 0010010101000000100110111011011011101010
1111101001011111100111000100111010101001 1111010010111111100111000100111010101001
1011101100000101100000101100001100100111 1011000001011101100000101100001100100111
0010010111000001101111100011101010011100 0010010111110001110000011011101010011100
0000011111000010000100100010011110110001 0000111110000010000100100010011110110001
0101111000001110110111111110000010010100 0101101111000001110111111110000010010100
0000101001010000000111010010001111110111 0000010100101000000111010010001111110111
0100000010101001100111000001110100000010 0100110011100000111010000001010100000010
1101011010000111110011011100001001111110 1101000011111001101011011100001001111110
1010010111000000000011010111110100000000 1010111110100101110000000000110100000000
0101011111101011010001010100111110001001 0101111110101011010001010100111110001001
1100111001010000101110111010101011000101 1100101000010111011101010101100111000101
1001111100000111110000111011110011000010 1001111100001111100000111011110011000010
0110100001011001011111000001111100000101 0110100000111110000101100101111100000101
0001100000100000111010111101100001010000 0001000001100000111010111101100001010000
0011011001111100000111110100000010111100 0011111000001101100111110100000010111100
0010000010000011000110011110011111000110 0010000011000001000110011110011111000110
1001111111001100111110011100000100011011 1001100111111100111110011100000100011011
0110000011111001010101000001111110011101 0110010101010000011111100000111110011101
1001110100000001110111111001110111110110 1001110111111001110100000001110111110110
0101011111101010001111110100101000001000 0101111110101010001111110100101000001000
0111110000011100001111111001111100001110 0111000011111000001111111001111100001110
0100001110011111111001101000111100101011 0100001111111100111001101000111100101011
1001001010101001011010010111010110111110 1001010101001001011010010111010110111110
1101111111011011001001101001000100100011 1101101111111011001001101001000100100011
1000101001111111010011010011101111110010 1000101001101001111111010011101111110010
0100110000011110011111100100100011000101 0100100110000011110011111100100011000101
0001110000010000011110100000101001101111 0001000001110000011110100000101001101111
1010111100000111110001100001000010100001 1010111110000011110001100001000010100001
0101000101111100100111110001111100010010 0101001111100011111000100010111110010010
1000111001111100010010100110000011011010 1000100101001100011100111110000011011010
1001001111110010010011110110001010110010 1001111110010010010011110110001010110010
1010111111010100010001111111100001010011 1010101111110100010001111111100001010011
1011111111001001000100001110100101101110 1011011111111001001000100001110100101110
0111000001111000001110000111101111011001 0111100000111000001110000111101111011001
0010100111101001100000110101000000011010 0010100110000011010011110101000000011010
0100101111111010110101100011001111111000 0100101101011111110101100011001111111000
1111000001111101111011110101011011110010 1111100000111101111011110101011011110010
0101001110010011100000001001110110110001 0101001110000000100111001001110110110001
1101110111111110101110011110110111001010 1101111111101110101110011110110111001010
1011010110000001011011100010010101110101 1011000000101101011011100010010101110101
1101101111110000010111110001100010010010 1101111110000010110111110001100010010010
1001001011111010011100111111100000011111 1001011111010010011100111111100000011111
0100101111110010100101000110010001100011 0100101001011111100101000110010001100011
1110110101010101011110011111001001101001 1110011111011010101010101111001001101001
0011100000011101111000101010010101011111 0011101110000001111000101010010101011111
1011010001010001111000001111111010000001 1011010001111000001111111010001010000001
1100000111110000110110001011100000010110 1100001101100000111110001011100000010110
1010101100110101101100000100100101001110 1010110011010101101100000100100101001110
0110000011111111110010000101101110000010 0110010000101101110000011111111110000010
1000000110000001101101100011100010001100 1000000110110110000001100011100010001100
0101011111111111010110000010111011101101 0101111111111101010110000010111011101101
0000011111000011101101000001010011010000 0000111110000011101101000001010011010000
1000001111111000001000010100010010100000 1000001000001111111000010100010010100000
0111000111110000011110110010001111010101 0111110000011100011110110010001111010101
0011111000010101011000111110000011101010 0011111000001111100001010101100011101010
1010000011111000000010111001000011110101 1010000000101110010000011111000011110101
1111010000001100110011010100111000101001 1111010100000011001100110100111000101001
1000100011111100000000010011011101101000 1000111111000100000000010011011101101000
0101010000001010001110001001111100110101 0101000000101010001110001001111100110101
1100000111110010000110100001110111001100 1100100001101000011101110000011111001100
0001010011001100111111000100001010010110 0001000010100110011001111110001010010110
0101100000111101010000001010001011111010 0101000000101100000111101010001011111010
1101101010111001111010100100001001000100 1101010111001111011010100100001001000100
1011000000110110111001100010000010000110 1011011000000110111001100010000010000110
0001111101111100001110100101001001100011 0001110100101001001100011111011111000011
1101110100000110110100000111100110011011 1101000001101110110100000111100110011011
0011010000010100100000001110100011011111 0011101000110100000101001000000011011111
0100110011110000011100111000111010000011 0100111100000111001100111000111010000011
0110101111100101111000001001010110001001 0110101111000001001011111001010110001001
0101011111101011110111000111100100001000 0101111110101011110111000111100100001000
0100101100100000011001011010111111000111 0100100000011001011001011010111111000111
1001110010110100111000010100110000100101 1001011010011100111000010100110000100101
0010000001100101100101100010111111111000 0010110010000001100101100010111111111000
0110111110000111100000111111011010010011 0110110111110000111100000111111010010011
1000100000000100000011011001000111110110 1000000001000100000011011001000111110110
1100000111110010100101101100111100011011 1100101001011011000001111100111100011011
1001000000001000101100101011000000110111 1001000100000000101100101011000000110111
1001010100000010111010101110011100000110 1001010000001010111010101110011100000110
0000111110000010000000001000000111111111 0000011111000010000000001000000111111111
1101111110000011011101110101011110001110 1101110111111000001101110101011110001110
1010000001010101010010110011111101001100 1010100000010101010010110011111101001100
1101111100001111101110010110111001100110 1101110010110111110000111110111001100110
1010000011111000000111100110000100110110 1010000001111001100000111110000100110110
0101001101110111111100000101110001001110 0101001101111111000001011101110001001110
0101001111001111111110011110011011000001 0101001111111110011110011110011011000001
0001110010110110010110000001001100110101 0001100111001011011001011000000100110101
1111000001111100001101010011110110000000 1111100000111100001101010011110110000000
0011111110011001110100010000111100000011 0011001111111001110100010000111100000011
0111011111000001111011111111110001001100 0111110000011101111011111111110001001100
1000001111100010110010000101011010111101 1000101100100000111110000101011010111101
1111000001111111001100001110100000000110 1111100000111111001100001110100000000110
1100001100011111011001101011011011000010 1100011111011000011001101011011011000010
1001111001000000100101111100010110011100 1001000000100111100101111100010110011100
1101101001100111011010001101000110001010 1101001100111011011010001101000110001010
1100000000011100001110010101100100101001 1100001110000000001110010101100100101001
1001111110010011110001000110010001010111 1001001111110011110001000110010001010111
1011111110110110111000110011001010001100 1011011111110110111000110011001010001100
1001111110010010111110111011101100000000 1001001111110010111110111011101100000000
0000011111000000111011110111100111100100 0000111110000000111011110111100111100100
0100101001111110000001001110000111010001 0100111111000000100101001110000111010001
1101000001000001111110111010010011111011 1101110100000100000111111010010011111011
1010110100000001001000001000001011110000 1010110100100000001000001000001011110000
0000110011111110011011110010101110000101 0000111111100110011011110010101110000101
1110111001100000110011011000010010111011 1110011000001100110110000100101110111011
1100000111110011100011111100010001010010 1100111000001111100011111100010001010010
1000111110100001000010001110000111100101 1000010001111101000010001110000111100101
0111110000011110100001011111110000011011 0111101000010111110000011111110000011011
0101111111011011101101011001001101111111 0101101111111011101101011001001101111111
0111000000011100111110000010111010000101 0111001110000000111110000010111010000101
0111101100110011011111000000100101001010 0111110110011001101111000000100101001010
0110010101011001100100011111111010000101 0110011001010101100100011111111010000101
0110111111110111010001011010101110100001 0110111011111111010001011010101110100001
1010101110000101110011010111100110011111 1010111000010111001101010111100110011111
0010000000001011111000101011010111000000 0010111110001000000000101011010111000000
1101010000111110010100110011101011001001 1101000011111001010100110011101011001001
0111001000101101101100000111110011000100 0111000001111100100010110110110011000100
1100000000000110000001100111110011101011 1100000011000000000001100111110011101011
1001010100000010000001011010011011011110 1001000000101010000001011010011011011110
1011101111111101111101000111101010011111 1011111111011101111101000111101010011111
1010011000010100111111111100000110111110 1010011111111110000011000010100110111110
0011100100100001010111100011010011111101 0011010011100100100001010111100011111101
1001110111110000111110000000000111110111 1001111100000000001110111110000111110111
1011011000111000011110101000001000011000 1011000111000011110101000001000011011000
0010100101000000010100001100011110000110 0010100000001010010100001100011110000110
0100001111111110011110011011111011110111 0100001111001111111110011011111011110111
0110110111110000011010100001000111001010 0110111110000011011010100001000111001010
1000101111110010100101011110110001101100 1000101001011111100101011110110001101100
1110101011111101001010000011000101000110 1110101111110101001010000011000101000110
0011000001110000010000010000001000101001 0011000001000001110000010000001000101001
0110110000001100100010101011101010110111 0110000001101100100010101011101010110111
1000101111101111000001011111001101111111 1000101111000001011111011111001101111111
0101011001101100111110100000001000110111 0101011001111101000000010001101100110111
0100011010000011111000001111000010111111 0100000111110001101000001111000010111111
1001111001010010001011100010000000001110 1001010011110010001011100010000000001110
0011100011111111000110011010000001110110 0011111111000111000110011010000001110110
0110000000000000000110110100001001000111 0110110000000000000000110100001001000111
1110000101010000001111011010010101011001 1110000010101000001111011010010101011001
0010111110011100000110111100000011100101 0010111000001101111100111100000011100101
0100010000000010000010110110110111010001 0100000000100010000010110110110111010001
0000101010000011100110001000111010011000 0000010101000011100110001000111010011000
1100010100000110101110101101101001101010 1100010111010100000110101101101001101010
0101010000001010100111001111001100010011 0101000000101010100111001111001100010011
1110000011111011101101010110110000100000 1110111000001111101101010110110000100000
1100110100010011100000111110010011111000 1100000111110011010001001110010011111000
1110110000010000011000001001010100000011 1110110000011000001000001001010100000011
0100111011001111110110101111110010110110 0100111111011010111111001110110010110110
0010101111111111101010000100111001110011 0010111111111110101010000100111001110011
1101010111111010001001000101001100111111 1101011111101010001001000101001100111111
1000001111100000000000000010100010111011 1000000000000000101000001111100010111011
0111010011011000110010101111100000111100 0111110000011101001101100011001010111100
0001111110111111010111101101010110010001 0001111110101111110111101101010110010001
1110011111100000111111111101001100100000 1110000011111111110011111101001100100000
0010010000000101101011101011010100110010 0010000000100101101011101011010100110010
0001000101001111111110111101111101101100 0001000101001111011111111101111101101100
1110111111111000001111100111010001101101 1110000011111011111111100111010001101101
1110000010101101111100000111110101101000 1110000011111000001010110111110101101000
1101110011011000100101011000000000010101 1101100010010101110011011000000000010101
1111010101111111110111010010010011011111 1111101010111111110111010010010011011111
0011111100001001101011001111111000101110 0011010110011111100001001111111000101110
1000001111100011101101101000000010001110 1000111011011010000011111000000010001110
1000010000000001000111011000011010110010 1000000000100001000111011000011010110010
1000101111110001010001010101001001011101 1000101000101111110001010101001001011101
1000001110000000000111000010001100010001 1000000000011100000111000010001100010001
0111110001110000011001110010011000111010 0111000001100111110001110010011000111010
1111101011000010000010101101011010101001 1111101011010110000100000101011010101001
0001111100000111010011010001100010100101 0001110100110100011111000001100010100101
1001110011010101100101111101001000011000 1001101010110011100101111101001000011000
1010111011000110100100111010011011111100 1010010011101011101100011010011011111100
1010101111110101101111000011110000011111 1010111111010101101111000011110000011111
0110011101110100101110101010001101010100 0110011101001011101110101010001101010100
0011111000001111101101001000100011000011 0011111011010010001000111110000011000011
0101111110101011110011101011101100100010 0101011111101011110011101011101100100010
1001001111110011110100011110111000011000 1001111110010011110100011110111000011000
0001000111110000010111110000010100011001 0001111100000100010111110000010100011001
1011010100000010100011100001011101000100 1011010000001010100011100001011101000100
0111110111110000011101110000000110001011 0111110000011111011101110000000110001011
0100100000111111111100100001111101111100 0100000111111111100100100001111101111100
1111100000111110101110101111011011101101 1111000001111110101110101111011011101101
1100110000000110000010111010111111011100 1100000001100110000010111010111111011100
0110011011111011000110111000110101100010 0110111110110011000110111000110101100010
0101101111111011001111001101001000110110 0101111111011011001111001101001000110110
1010001000111111000101111001111001110010 1010001111110001000101111001111001110010
0000111110000010000111101100100010101111 0000011111000010000111101100100010101111
1100111111001001001000000010111011011011 1100100111111001001000000010111011011011
0101000101111110001011010001011001001110 0101111110001010001011010001011001001110
0110110000001100001011100111001011111110 0110000001101100001011100111001011111110
1101000111100100111110000011110011111111 1101000111110000011110010011110011111111
0111001010000000110010100110010110110101 0111001010011001010000000110010110110101
1011011000000110110111111011010101010110 1011000000110110110111111011010101010110
1100011001010100110011011001010101001100 1100101010011000110011011001010101001100
1000001111100001010111010010000101101111 1000010101110100100000111110000101101111
1000111110110000110001000011100011011000 1000011000111110110001000011100011011000
1010000001010100100000001000101110111100 1010100000010100100000001000101110111100
0100000000100010111110010011000001111011 0100010111110010000000010011000001111011
0010110001101110110110000001000110100000 0010111011000110110110000001000110100000
1010000000101000011111000000101101101010 1010000111110000001011011010000000101010
0000111110000010101100111101001010010001 0000011111000010101100111101001010010001
1010101100110111000001110111000000011110 1010101110000011101100110111000000011110
0111111110011100111100001000100100001101 0111001111111100111100001000100100001101
1010000011010010101101100100011011101000 1010010100000110101101100100011011101000
1110001011000000000000010110010010011000 1110000000000000101100010110010010011000
1010111100000110101001110001101111100100 1010101111000001101001110001101111100100
1011000001111000001000000010001001011010 1011000001000001111000000010001001011010
1000100010100111111010010100110100110100 1000101001111110100100010100110100110100
0101111111011011011101111101001100000001 0101101111111011011101111101001100000001
1000010101111111111101010100110101011110 1000010111111111110101010100110101011110
1001111110010010000011000111100100000110 1001001111110010000011000111100100000110
1011100010000000110000010000011110010100 1011100000100000111100010000000110010100
1001001111110010010101011010011100111101 1001111110010010010101011010011100111101
0010100101000111111111100001011111011101 0010100011111111110000101001011111011101
0001000000000000100100100100110011001101 0001001000000000000100100100110011001101
0000011010001011000000000111011101001111 0000110100010110000000000111011101001111
1101000101010110110010010000000001110111 1101100100100000000011101000101010110111
0101110100011111001101110111001100110001 0101110111010001111100110111001100110001
1110101101000001111100010101000100111101 1110001010100010011110101101000001111101
1100000111110001110100110011010000101100 1100011101001100000111110011010000101100
0010111111000000111111010101111011101001 0010101111110000001111110101111011101001
0010001011111111110010011000100011001100 0010111111111100100010011000100011001100
0001011010100011111000001100011110000011 0001111100000101101010001100011110000011
1101100110000000110001000011100100001010 1101100000001100110001000011100100001010
0111001111111100111110100001111000111011 0111111110011100111110100001111000111011
0001111111011011111001101101101000110011 0001101101101000111111101101111100110011
0101111111101011000000000011111101010111 0101100000000001111110101111111101010111
1101111111101110101111001100001111110101 1101110111111110101111001100001111110101
1110010000000010001010100001000100011100 1110010001000000001010100001000100011100
0110000011100000111111100010101000111000 0110000011111110000011100010101000111000
0011111000011111001110000010100001011111 0011111001111100001110000010100001011111
0011111011111000011111111011100100110100 0011111111011100100111110111110000110100
0001001111111101001101010110100110010011 0001001101010110100111111110100110010011
1101100000111100101111000110101011001100 1101111000110101011000001111001011001100
0101100011000001111100011001000010111110 0101100000111110001100011001000010111110
0101110011111000111110000011101010100011 0101011100111110001111100000111010100011
1110000011111000011111001001000011001001 1110000111110000011111001001000011001001
1100011000000001100101011100100010111000 1100000000110001100101011100100010111000
1000001011101101010000011111000010101111 1000001111100000101110110101000010101111
1110000000110011001000110110001100100010 1110011000000011001000110110001100100010
1001100000011011011110001011011101101111 1001101100000011011110001011011101101111
0111110001011000111100111110101100101111 0111100111110001011000111110101100101111
1011100111110000011110001111111001011010 1011111000001110011110001111111001011010
1010011110001111000000001100110111110100 1010011110000000011110001100110111110100
0000010010101010010111001111001101010111 0000010101010010010111001111001101010111
0001010011101011111100111010111010000011 0001011111100111010100111010111010000011
0100000000101111000101111111110001011000 0100010111111111000000001011110001011000
0011000111110000011101111011101101111001 0011111000001100011101111011101101111001
1011010110011111000010110000011001111000 1011001111100001011010110000011001111000
1001100000000100010000011111010010100000 1001100010000000010000011111010010100000
0011001011111101010111111001111010000001 0011001010111111010111111001111010000001
1101100111111101100110100100100011000001 1101100110110011111110100100100011000001
0100010000000010011110011100111100011110 0100000000100010011110011100111100011110
0101011111101011100101000010100010001110 0101111110101011100101000010100010001110
0111101111111110111010001001111100100001 0111111111011110111010001001111100100001
0010000000100101011111001100011001001011 0010010000000101011111001100011001001011
0000110111111101101111001011111110101111 0000110110111111101111001011111110101111
1110001010001000010100111010010111110010 1110100101111100010100010000101001110010
0111011010000010110111010101100110000001 0111010000010110110111010101100110000001
1011111010111110100100101101101000101000 1011111010010010111110101101101000101000
1010011101000001001000110101000101101010 1010000010010001101001110101000101101010
0001011111001000101001110011010011011100 0001000101111100101001110011010011011100
1111100000111110101110111011001001111110 1111000001111110101110111011001001111110
0111000001011110111110000101111101101101 0111101110000010111110000101111101101101
1011001010111010101011010101000000011100 1011101010101100101011010101000000011100
1001000001001100110110110111000011011010 1001100100000100110110110111000011011010
0001111100000101010100100000101110000111 0001010101001000001111100000101110000111
1101000000011110100111101100111101001110 1101001111010000000111101100111101001110
0011110000001010100000111011001000100100 0011110000011101100100000010101000100100
1110101111111100011100001100110110001110 1110001110101111111100001100110110001110
0001000001100000100101110100101000001011 0001100000100000100101110100101000001011
1000101111110101010111010111001111010011 1000101011111101010111010111001111010011
0010000110111010000000101000100010001010 0010100010000110111010000000100010001010
1001011110000011010101101010110111000110 1001010111100000110101101010110111000110
0110101010010110001010100101000110001001 0110001010100101000110101010010110001001
1101111100000111000000100111011001100101 1101110000001001111100000111011001100101
0010010000011111001000110110010010110101 0010000011111001001000110110010010110101
0001101010111110000010000010011101110010 0001000001101010111110000010011101110010
0101001111101000100011101100101110111110 0101000100111110100011101100101110111110
1101001111111001100101111100110000111110 1101001100111111100101111100110000111110
0001100000101101001010011101101111100010 0001011010010100111011011111000110000010
0101010000011111000111001100000111100000 0101010001110011000001111100000111100000
1010100011111001111100010000000101100011 1010100010001111100111110000000101100011
1000001111100010001001110111010011001110 1000100000111110001001110111010011001110
0111101000010100001000000100001010101011 0111101000010000001000010100001010101011
1010101100110100010111100101001000101001 1010110011010100010111100101001000101001
1000011111001111101110111110001010010010 1000011111011111001110111110001010010010
0011111000000100100010001001011000001100 0011111000001100000010010001000100101100
1010100000010100111100100000101111010110 1010000001010100111100100000101111010110
0101000000000001010101110111110111000100 0101010000000000010101110111110111000100
0100011100010100011001101110000000110101 0100010100011100011001101110000000110101
1100111111101000001011001010101010010101 1100101010101001111111010000010110010101
0100100111111001010111001100111110011101 0100111111001001010111001100111110011101
0001000111101111101111001111001010011101 0001000111100101001111011111011110011101
0001110000010000011010110011100000101110 0001000001110000011010110011100000101110
1100000011011000001111100001011111010101 1100000111110000001101100001011111010101
0011010010001101101011111001001110100011 0011011010111110010011010010001110100011
0101011111101010111111110001010010111001 0101111110101010111111110001010010111001
0011011111001000110001000111111010011011 0011000100011011111001000111111010011011
1011111110110110011111111110000100000101 1011011111110110011111111110000100000101
1100111011000001011101000001101111010111 1100111010000011011101100000101111010111
0111011011100010010010001111101001111100 0111000100100100011101101111101001111100
0110001010111011100000111110000010001000 0110000011111000101011101110000010001000
0011010110100000011001011011110101001000 0011010000001101011001011011110101001000
1000001110110101000111110011111000000000 1000111110011111000001110110101000000000
0011000000110110000001100101010000111110 0011011000000110000001100101010000111110
1000001111100000011110000111010100001010 1000000111100000111110000111010100001010
1011101100000101100100011000111100001000 1011000001011101100100011000111100001000
0010011001001100000001010100000000010101 0010011000000010011001010100000000010101
1100011110011111011110011000001010001011 1100111110111100011110011000001010001011
1101000000110101101100011100100011111011 1101011010000001101100011100100011111011
1000110011111110011101101011010110010001 1000111111100110011101101011010110010001
0000100110110010000100101100000100110100 0000100101100001001101100100000100110100
1001100100000100100111000100100011110101 1001000001001100100111000100100011110101
1100000111110011011010110001101101111101 1100110110101100000111110001101101111101
0100000001110000100111001111100100100010 0100111001111100100000001110000100100010
0110000001101101011011111001000001110101 0110110000001101011011111001000001110101
0100100001111110111111010111001111011101 0100100001111110101111110111001111011101
0101101111111011111001100110011011111000 0101111111011011111001100110011011111000
0001001000000010011001110011010100111111 0001000000010010011001110011010100111111
1100000001111100100001000110111011101101 1100001000000011111001000110111011101101
0110000011111001010101010000001000110000 0110010101010100000010001100000111110000
0111110000011110010000000010001010011011 0111100000111110010000000010001010011011
0101111100011111001111000011110100110010 0101111100111110001111000011110100110010
0110100011000001000101011001111100000011 0110000010001010110100011001111100000011
1010000001010100001000000110101011101110 1010100000010100001000000110101011101110
1010001010000011111000101010100000111001 1010000011111000101000101010100000111001
0011001011111010010010100101110101110101 0011001001011111010010100101110101110101
1110101101011101000011010101001011111010 1110100001101010100101111101011010111010
1011111111011101110000010100011001000011 1011101111111101110000010100011001000011
1001001111110011100100000000110000100001 1001111110010011100100000000110000100001
1110000011111001111110001001001011011011 1110011111100000111110001001001011011011
1001000001010011010010001110100011101111 1001101001000001010010001110100011101111
1001001111110011010111010111101101111001 1001111110010011010111010111101101111001
0011110101011110001100011101100011010101 0011000111101010111100011101100011010101
0110011011111011001100010000101100101110 0110111110110011001100010000101100101110
1010000011111000011110101111111100100111 1010000111110000011110101111111100100111
1110000011111000001001001010001001011100 1110000010010010100010010111000001111100
1100010110100011001010011001101101000101 1100101001100010110100011001101101000101
1100000001100110010011001110100001011000 1100110000000110010011001110100001011000
0100011110110101011000001111100000000100 0100000111110001111011010101100000000100
1110101111111100000010111010001111001001 1110000001011101011111111010001111001001
1011000000110110110110110101001101101010 1011011000000110110110110101001101101010
0001000111111000101001001011100100011010 0001111110001000101001001011100100011010
1010101111110101101101101011000000001000 1010111111010101101101101011000000001000
1110111011111111001000111110000010111111 1110111111110111001000111110000010111111
0011100010000111000100000000011100100010 0011100010000000001110001000011100100010
0100000111111010111111011111111100101000 0100000111111011111101011111111100101000
1001110011101100000011111101111000100001 1001110110000001110011111101111000100001
1101101011111000010110100001101111000110 1101011111000010110110100001101111000110
0011111000001110010001000011000101111111 0011100100010000111110000011000101111111
0111110011111000001111001000101000111001 0111110000011111001111001000101000111001
1011100111010010000010110111000001000011 1011011100111010010000010111000001000011
0000101111101001011111010111111000110101 0000101111101011111010010111111000110101
0101000000101011001111010011111101011011 0101010000001011001111010011111101011011
1101100111001101111101100100100100100111 1101111101100111001101100100100100100111
1011101001011010010110011111111011010111 1011010010111010010110011111111011010111
1001011111101010111010110110110111010010 1001010111111010111010110110110111010010
1110101101111000001111100010100010110011 1110000011111010110111100010100010110011
1110011111001111111111010010000110110011 1110011111111110011111010010000110110011
1100010101011100001001000100011110000001 1100001001000100011110001010101110000001
1000111110010000011110001000011001100010 1000001111000111110010001000011001100010
0111101011110100000011110010001111000001 0111101000000111101011110010001111000001
0110000001101101111011110010111111010011 0110110000001101111011110010111111010011
0110111000000111011101100000010001011110 0110111011100000011101100000010001011110
0111110000011111101100100110000010100001 0111100000111111101100100110000010100001
0010000000100111111001011100010000001110 0010011111100100000001011100010000001110
0101011110000011010110000000111010100101 0101111000001101010110000000111010100101
1010100000010101010010110010100110011001 1010000001010101010010110010100110011001
1110000011111000101011101010111110000010 1110001010111000001111101010111110000010
1000000001100110001100110001100000110001 1000110011000000001100110001100000110001
1011101010000000101010100000101101011111 1011010111010100000001010101000001011111
0110101000000101010100001001110100010111 0110100000010101010100001001110100010111
1010110100000011010011010111110110000011 1010000001101011010011010111110110000011
0011001100000001101100001001110010001000 0011000000011001101100001001110010001000
0110011101110010000011110000011100110000 0110010000011110011101110000011100110000
0010111110100100101110000111001101000010 0010010111110100101110000111001101000010
1000001000011011010101110101001110101000 1000011011010101110101001110101000001000
0011110110000001111100000111011001011011 0011111000001111011000000111011001011011
1010100011011000001111100001011110110000 1010100000111110001101100001011110110000
0001111110000100001011011000010000000011 0001000011111100001011011000010000000011
1101001111110000000100100110010011110111 1101001001111110000000100110010011110111
0100010100011101111100000000011101001011 0100011101111100000000011101000101001011
1000000010101001100011000010111011100100 1000110000000101010011000010111011100100
0100111001101100101000011011110111011110 0100110110011100101000011011110111011110
1000001110000010000111101011011000000101 1000001000001110000111101011011000000101
1011011000000110111111010110111111010100 1011000000110110111111010110111111010100
0011111000001101001110110011101101001011 0011010011111000001110110011101101001011
0111111110111000000111110111100010111110 0111000000111111110111110111100010111110
0101101111111011111011000110011100000100 0101111111011011111011000110011100000100
0110101000000101000100100001010101010100 0110100000010101000100100001010101010100
1000101010011001011110101001001000000100 1000101111010100101010011001001000000100
1111000001111111000100001110000111110110 1111100000111111000100001110000111110110
0111010111110000001010010101011001011000 0111010010101111100000010101011001011000
1011010110000111110010110000010001000101 1011000011111001011010110000010001000101
1101111101000001100000110101111000110110 1101000001100000110111110101111000110110
1110000011111111110101011110101001111011 1110101011110000011111111110101001111011
1111100000111101000011111001001010000010 1111000001111101000011111001001010000010
1011010000000010100010100000100010110001 1011010001010000000010100000100010110001
0010010000000100101000001110011011010100 0010000000100100101000001110011011010100
0010111011111000001111000111001100001110 0010111110000011101111000111001100001110
1001001111110010010011101010010010011010 1001111110010010010011101010010010011010
0001111100000000001111010111011010110110 0001111010111110000000000111011010110110
0111010010111011100010110001010111000101 0111011101001011100010110001010111000101
1101101100011111001111100111111110011110 1101101100111110001111100111111110011110
1101010000110000000100001000110111010101 1101110101000011000000010000100011010101
0101000001111100000011110111000011001110 0101000000111101110000011111000011001110
1110010011101100101001101110000011101011 1110110010100110111001001110000011101011
0001110000010000010001001101001110111001 0001000001110000010001001101001110111001
0100000111110000011001110000110110010110 0100000110011100000111110000110110010110
0101011111101011000111011010000010000000 0101111110101011000111011010000010000000
1101110111111110100000010100100110011000 1101111111101110100000010100100110011000
0001000000000111111000010011100010110001 0001111110000100000000010011100010110001
0101000000110000010000011101010011000000 0101010000001100000100000111010011000000
0100111101110000010111011110110010100001 0100111000001011110111011110110010100001
0100000001001001101101010000011101100111 0100100000001001101101010000011101100111
1000011111011111000001111101100000111011 1000001111101100001111101111100000111011
1000110010101001100011100101111101100111 1000110001100101010011100101111101100111
0011011000001011101110000000000011111001 0011011101100000101110000000000011111001
0001001111100011111100000100010011110011 0001111110000010011111000100010011110011
0011110010001001100100101001011010001101 0011001001010010110100011110010001001101
0100011011001101111111001111110010101010 0100011011111110011011001111110010101010
0011001001111100000110101011111111111101 0011111000001100100110101011111111111101
0100010011111010001010110101101011001101 0100111110100010001010110101101011001101
0110011000000011001111010110101000110100 0110000000110011001111010110101000110100
1010000001010100000110111111010011101011 1010100000010100000110111111010011101011
0111110001111111111011100100001011010010 0111111111101111100011100100001011010010
0101100010110111110010100011000010101000 0101101111100101100010100011000010101000
1000001111100011100010000011010111111110 1000111000001111100010000011010111111110
0001000001111000001010010111011101110110 0001111000001000001010010111011101110110
1000010111110110000011111000101101111101 1000001111100001011111011000101101111101
1010110011111000110111101110100110111011 1010111101100111110001101110100110111011
0000111110000011101011101101000100010011 0000011111000011101011101101000100010011
0011101100110100011111100010011101100110 0011010001110110011111100010011101100110
0111110111110011101000110001011100010010 0111110011111011101000110001011100010010
0001111110010000000100100000001110011000 0001001000000011111100100000001110011000
0010111100101111111110000000101101000010 0010111111111000000010111100101101000010
0101101111111111110110110000010010000010 0101111111111110110110110000010010000010
1010000011111000111100001111110001100110 1010001111000001111100001111110001100110
0110110000000111110000110000000100110010 0110000000111110000110110000000100110010
1010000011101000101010111000111011011101 1010001010000011101010111000111011011101
1010010100000110101011000101111001110010 1010000011010010101011000101111001110010
0111110010010101010010110100010110100001 0111110010101010010010110100010110100001
1111010010111111101110001000110100100101 1111101001011111101110001000110100100101
0110001100111100000101101000011100110101 0110011110000010110001101000011100110101
1101000000101010110110001000001001010100 1101010000001010110110001000001001010100
1001111100000111100001111110100001110101 1001111000011111000001111110100001110101
1101000001011011010001011110001010100000 1101101000001011010001011110001010100000
1001100111111100100111010010001111000011 1001111111001100100111010010001111000011
1111001001011101000100110001000101111101 1111100100101110100010011000100010111101
0111111111011110111000000011101101010010 0111101111111110111000000011101101010010
0101000100011100100001100100100101001010 0101001010001000111001000011001001001010
1101010110000011111111101000101000000101 1101011000001111111110101000101000000101
1100111111100110000111100111100010111011 1100110011111110000111100111100010111011
0011110110011101010011001001101101100110 0011101010011110110011001001101101100110
1100111111001001011111101101010100011110 1100100111111001011111101101010100011110
1010110000100001001111100101110100000010 1010110000100111110010111010000100000010
1010000000000010101010000011000001000111 1010100000000000101010000011000001000111
0111110110100000010101000000000101100100 0111110110101000000101000000000101100100
1011110000001010011000101100100110010110 1011001001100101111000000101001100010110
1110111011111111001110100011100011100011 1110111111110111001110100011100011100011
1101111010100000010101010000101100111000 1101111010000001010101010000101100111000
1100010010110101101111000000101000101111 1100000010100010010110101101111000101111
0011111000001100100110111000111000111101 0011001001111100000110111000111000111101
1011101001001011000100011101110111100111 1011000100011101110100100101110111100111
1100010101101101101101101101011111001101 1100010110110110110110110101011111001101
0010000100000000010101100111111101011111 0010000000001000010101100111111101011111
1011111110110110101111010010110000001111 1011011111110110101111010010110000001111
0011111000001100000100011110011011111001 0011000001000111110000011110011011111001
0110011110111000001111100000010011010001 0110000011111001111011100000010011010001
1101011110000010000110111010000000110111 1101110101111000001000011010000000110111
1011111001101001001100001110010100000111 1011100101000001111100110100100110000111
1110000010000011101010111011000101111010 1110101011100000100000111011000101111010
1110000011111011111000001110000110001111 1110111110000011111000001110000110001111
1000011111010000010000100011001111001010 1000001000011111010000100011001111001010
0110100101010110000111110010011001101110 0110000111110010011010010101011001101110
0101111110000001010100000101100111001000 0101011111100000010100000101100111001000
0110000110000000001101011100011011101010 0110000000001100001101011100011011101010
0011011001110011110110010000101101110100 0011100110110011110110010000101101110100
1001010111111010010011110111000010110010 1001001010111111010011110111000010110010
0110100000010101011100010111000000100001 0110101000000101011100010111000000100001
0011001011100101010100000111010100110010 0011101010011001011100101010100000110010
1101000001101110111111100001000111110100 1101110100000110111111100001000111110100
0101000000101010000000101010100110000101 0101010000001010000000101010100110000101
0101010000111110010111000100101000011010 0101000011111001010111000100101000011010
1000100101101110101111111011101011101111 1000100101111111011101011011101011101111
0111111000001100111001111100100011111100 0111001111110000011001111100100011111100
0010001110101111110000100000111010110001 0010000100011101011111100000111010110001
0001011111000010100110000110000100100001 0001010011000010111110000110000100100001
1011111000111110111000011100001010011101 1011111011111000111000011100001010011101
0111000111110000011111001001001010100010 0111110000011100011111001001001010100010
1000010011000101011101111100101000011110 1000101011101111100101000010011000011110
0010110011001011111110011001011001010111 0010111111100110010110011001011001010111
1010100000010101110110100101111010010000 1010000001010101110110100101111010010000
0010000100111110010011000000011000100111 0010011111001000010011000000011000100111
1000010010101000001111100001010110111000 1000001111100001001010100001010110111000
0110011111110011000001111010000100101000 0110011001111111000001111010000100101000
0111110000011110000111001000111101110000 0111100001111100000111001000111101110000
1111000001111101011001111001011011011101 1111100000111101011001111001011011011101
1000101011011000000110010011111111110100 1000101011000000110110010011111111110100
1010101111110101101001100011100100001010 1010111111010101101001100011100100001010
1001000000000011001110011110000111100001 1001110010000000000110011110000111100001
0101011111101011000011100111110001100011 0101111110101011000011100111110001100011
0101011111101011001101110000111111110100 0101111110101011001101110000111111110100
0111100111000001000000011110111001010110 0111000001000000011110011110111001010110
0001111100000110111101000101001110110000 0001101111010001111100000101001110110000
0011001001100011011100100100010001100010 0011000110010011011100100100010001100010
1001000011010110001011111111011110111000 1001000101111111101111011100001101011000
1011000001010111010110011001100110100110 1011101011000001010110011001100110100110
1000001111100011000000000110100000101100 1000110000011111000000000110100000101100
1110100101111100110010101100000001111110 1110011001010110000000111111010010111110
1010111010010000000100001100001000010110 1010111010000000100100001100001000010110
1101111111011010011010100101101001100100 1101101111111010011010100101101001100100
0110000111110011111000111010000100101100 0110011111000011111000111010000100101100
0011101101000001011010111010110010101010 0011101000001011011010111010110010101010
0100110000000110011001011000101000000110 0100110011000000011001011000101000000110
0001111010011011000000100010110101011010 0001000111101001101100000010110101011010
0100100101111101000110010000011110001001 0100101111101001000110010000011110001001
0001111100000100001100100010101000010001 0001000011111000001100100010101000010001
1001010101100110011001010100100010100001 1001100101010110011001010100100010100001
1011000110010100001101101110110001100100 1011011000110010100001101110110001100100
1100000111110010010000000011001101010111 1100100100000000110000011111001101010111
0100111000001001111001111011100010101011 0100111100111000001001111011100010101011
0010010000000101001010010000000011000001 0010000000100101001010010000000011000001
0001111110001000100000101101101000111011 0001000111111000100000101101101000111011
0000110110001000111001110111110110111101 0000100011011000111001110111110110111101
0011111000001111100111101000011110010100 0011111001111100000111101000011110010100
0010001000000001011011001011101001010100 0010000000010001011011001011101001010100
1101110111111110101101011111101000101101 1101111111101110101101011111101000101101
1101010111111010001110000010101010100110 1101011111101010001110000010101010100110
1100101000100111100100100100111011100100 1100100100100111011100101000100111100100
0111100000111111110001001101101010010000 0111110000011111110001001101101010010000
1010101111110101001010110010110100011111 1010111111010101001010110010110100011111
1000100000000100011010001100110101110100 1000000001000100011010001100110101110100
0111010111110000011101101011100111011001 0111110000011101011101101011100111011001
