01010101100110010110011001011010011001101001100110011001100110011001100110101010 01010101100110011001100110011001100110010110011001011010011001101001100110101010
010101011010010101010101010110101010101010101010010101011010010110101010 010101011010010110101010010101010101010101011010101010101010010110101010
010101011100010101010101010110101010101010101010010101011010001110101010 010101011100010110101010010101010101010101011010101010101010001110101010
010101100011010101010101010110101010101010101010010101011010110001101010 010101100011010110101010010101010101010101011010101010101010110001101010
010101100101010101010101010110101010101010101010010101011010101001101010 010101100101010110101010010101010101010101011010101010101010101001101010
010101100110010101010101010110101010101010101010010101011010011001101010 010101100110010110101010010101010101010101011010101010101010011001101010
0101011001100110011001100110011001100110100110011001100110010110011001101010 0101011001100110100110011001100110010110011001100110011001100110011001101010
01010110101001010101010101010101010110101010101010101010101001011010010101101010 01010110101001011010010101010101010101010101101010101010101010101010010101101010
010101110100010101010101010110101010101010101010010101011010001011101010 010101110100010110101010010101010101010101011010101010101010001011101010
01011001100110010110011001011010011001101001100110011001100110011001100110011010 01011001100110011001100110011001100110010110011001011010011001101001100110011010
010110100101010101010101010110101010101010101010010101011010101001011010 010110100101010110101010010101010101010101011010101010101010101001011010
010111000101010101010101010110101010101010101010010101011010101000111010 010111000101010110101010010101010101010101011010101010101010101000111010
011000011101010101010101010110101010101010101010010101011010101110000110 011000011101010110101010010101010101010101011010101010101010101110000110
011000101101010101010101010110101010101010101010010101011010101101000110 011000101101010110101010010101010101010101011010101010101010101101000110
01100011100110010110011001011010011001101001100110011001100110011001100111000110 01100011100110011001100110011001100110010110011001011010011001101001100111000110
011001010110101001010101010110101010101010101010010101010101011010100110 011001010110101010101010010101010101010101011010101010100101011010100110
01100101100110010110011001011010011001101001100110011001100110011001100110100110 01100101100110011001100110011001100110010110011001011010011001101001100110100110
011001100101010101010101010110101010101010101010010101011010101001100110 011001100101010110101010010101010101010101011010101010101010101001100110
01100110010110010110011001011010011001101001100110011001100110011001101001100110 01100110010110011001100110011001100110010110011001011010011001101001101001100110
0110011001100110011001100110011001100110100110011001100110010110011001100110 0110011001100110100110011001100110010110011001100110011001100110011001100110
01100110100110010110011001011010011001101001100110011001100110011001100101100110 01100110100110011001100110011001100110010110011001011010011001101001100101100110
011001110001010101010101010110101010101010101010010101011010100011100110 011001110001010110101010010101010101010101011010101010101010100011100110
011010001101010101010101010110101010101010101010010101011010101100010110 011010001101010110101010010101010101010101011010101010101010101100010110
01101001100110010110011001011010011001101001100110011001100110011001100110010110 01101001100110011001100110011001100110010110011001011010011001101001100110010110
011010100101010101010101010110101010101010101010010101011010101001010110 011010100101010110101010010101010101010101011010101010101010101001010110
0110101001100110011001100110011001100110100110011001100110010110011001010110 0110101001100110100110011001100110010110011001100110011001100110011001010110
011011000101010101010101010110101010101010101010010101011010101000110110 011011000101010110101010010101010101010101011010101010101010101000110110
01101100100110010110011001011010011001101001100110011001100110011001100100110110 01101100100110011001100110011001100110010110011001011010011001101001100100110110
011011100001010101010101010110101010101010101010010101011010100001110110 011011100001010110101010010101010101010101011010101010101010100001110110
011100010101010101010101010110101010101010101010010101011010101010001110 011100010101010110101010010101010101010101011010101010101010101010001110
01110001100110010110011001011010011001101001100110011001100110011001100110001110 01110001100110011001100110011001100110010110011001011010011001101001100110001110
0111001001100110011001100110011001100110100110011001100110010110011001001110 0111001001100110100110011001100110010110011001100110011001100110011001001110
011100101010010101010101010110101010101010101010010101011010010101001110 011100101010010110101010010101010101010101011010101010101010010101001110
011101000101010101010101010110101010101010101010010101011010101000101110 011101000101010110101010010101010101010101011010101010101010101000101110
011101010100010101010101010110101010101010101010010101011010001010101110 011101010100010110101010010101010101010101011010101010101010001010101110
011101100001010101010101010110101010101010101010010101011010100001101110 011101100001010110101010010101010101010101011010101010101010100001101110
011110100001010101010101010110101010101010101010010101011010100001011110 011110100001010110101010010101010101010101011010101010101010100001011110
011110101000010101010101010110101010101010101010010101011010000101011110 011110101000010110101010010101010101010101011010101010101010000101011110
100000111101010101010101010110101010101010101010010101011010101111000001 100000111101010110101010010101010101010101011010101010101010101111000001
100001010111010101010101010110101010101010101010010101011010111010100001 100001010111010110101010010101010101010101011010101010101010111010100001
100001011101010101010101010110101010101010101010010101011010101110100001 100001011101010110101010010101010101010101011010101010101010101110100001
100001111001010101010101010110101010101010101010010101011010100111100001 100001111001010110101010010101010101010101011010101010101010100111100001
100010110101010101010101010110101010101010101010010101011010101011010001 100010110101010110101010010101010101010101011010101010101010101011010001
100010111001010101010101010110101010101010101010010101011010100111010001 100010111001010110101010010101010101010101011010101010101010100111010001
100011010101010101010101010110101010101010101010010101011010101010110001 100011010101010110101010010101010101010101011010101010101010101010110001
10001101100110010110011001011010011001101001100110011001100110011001100110110001 10001101100110011001100110011001100110010110011001011010011001101001100110110001
100011100101010101010101010110101010101010101010010101011010101001110001 100011100101010110101010010101010101010101011010101010101010101001110001
1000111001100110011001100110011001100110100110011001100110010110011001110001 1000111001100110100110011001100110010110011001100110011001100110011001110001
100101010011010101010101010110101010101010101010010101011010110010101001 100101010011010110101010010101010101010101011010101010101010110010101001
10010101100110010110011001011010011001101001100110011001100110011001100110101001 10010101100110011001100110011001100110010110011001011010011001101001100110101001
100101011010010101010101010110101010101010101010010101011010010110101001 100101011010010110101010010101010101010101011010101010101010010110101001
100101011100010101010101010110101010101010101010010101011010001110101001 100101011100010110101010010101010101010101011010101010101010001110101001
100101100101010101010101010110101010101010101010010101011010101001101001 100101100101010110101010010101010101010101011010101010101010101001101001
1001011001100110011001100110011001100110100110011001100110010110011001101001 1001011001100110100110011001100110010110011001100110011001100110011001101001
1001100101100110011001100110011001100110100110011001100110010110011010011001 1001100101100110100110011001100110010110011001100110011001100110011010011001
10011001100110010110011001011010011001101001100110011001100110011001100110011001 10011001100110011001100110011001100110010110011001011010011001101001100110011001
100110100101010101010101010110101010101010101010010101011010101001011001 100110100101010110101010010101010101010101011010101010101010101001011001
100111100001010101010101010110101010101010101010010101011010100001111001 100111100001010110101010010101010101010101011010101010101010100001111001
101000010101110101010101010110101010101010101010010101011011101010000101 101000010101110110101010010101010101010101011010101010101011101010000101
101000011101010101010101010110101010101010101010010101011010101110000101 101000011101010110101010010101010101010101011010101010101010101110000101
101000101011010101010101010110101010101010101010010101011010110101000101 101000101011010110101010010101010101010101011010101010101010110101000101
101001010110101001010101010110101010101010101010010101010101011010100101 101001010110101010101010010101010101010101011010101010100101011010100101
10100101100110010110011001011010011001101001100110011001100110011001100110100101 10100101100110011001100110011001100110010110011001011010011001101001100110100101
101001100101010101010101010110101010101010101010010101011010101001100101 101001100101010110101010010101010101010101011010101010101010101001100101
1010011001100110011001100110011001100110100110011001100110010110011001100101 1010011001100110100110011001100110010110011001100110011001100110011001100101
101010000101110101010101010110101010101010101010010101011011101000010101 101010000101110110101010010101010101010101011010101010101011101000010101
101010000111010101010101010110101010101010101010010101011010111000010101 101010000111010110101010010101010101010101011010101010101010111000010101
10101001100110010110011001011010011001101001100110011001100110011001100110010101 10101001100110011001100110011001100110010110011001011010011001101001100110010101
101010100101100101010101010110101010101010101010010101011001101001010101 101010100101100110101010010101010101010101011010101010101001101001010101
101010100110010101010101010110101010101010101010010101011010011001010101 101010100110010110101010010101010101010101011010101010101010011001010101
101010111000010101010101010110101010101010101010010101011010000111010101 101010111000010110101010010101010101010101011010101010101010000111010101
101011000101010101010101010110101010101010101010010101011010101000110101 101011000101010110101010010101010101010101011010101010101010101000110101
101011100001010101010101010110101010101010101010010101011010100001110101 101011100001010110101010010101010101010101011010101010101010100001110101
101100001101010101010101010110101010101010101010010101011010101100001101 101100001101010110101010010101010101010101011010101010101010101100001101
101100010101010101010101010110101010101010101010010101011010101010001101 101100010101010110101010010101010101010101011010101010101010101010001101
10110001100110010110011001011010011001101001100110011001100110011001100110001101 10110001100110011001100110011001100110010110011001011010011001101001100110001101
101100100101010101010101010110101010101010101010010101011010101001001101 101100100101010110101010010101010101010101011010101010101010101001001101
1011001001100110011001100110011001100110100110011001100110010110011001001101 1011001001100110100110011001100110010110011001100110011001100110011001001101
101100101010010101010101010110101010101010101010010101011010010101001101 101100101010010110101010010101010101010101011010101010101010010101001101
1011001100100110011001100110011001100110100110011001100110010110010011001101 1011001100100110100110011001100110010110011001100110011001100110010011001101
101101000101010101010101010110101010101010101010010101011010101000101101 101101000101010110101010010101010101010101011010101010101010101000101101
101101100001010101010101010110101010101010101010010101011010100001101101 101101100001010110101010010101010101010101011010101010101010100001101101
101110000101010101010101010110101010101010101010010101011010101000011101 101110000101010110101010010101010101010101011010101010101010101000011101
101110100001010101010101010110101010101010101010010101011010100001011101 101110100001010110101010010101010101010101011010101010101010100001011101
101110101000010101010101010110101010101010101010010101011010000101011101 101110101000010110101010010101010101010101011010101010101010000101011101
101111000001010101010101010110101010101010101010010101011010100000111101 101111000001010110101010010101010101010101011010101010101010100000111101
110000011101010101010101010110101010101010101010010101011010101110000011 110000011101010110101010010101010101010101011010101010101010101110000011
110000101101010101010101010110101010101010101010010101011010101101000011 110000101101010110101010010101010101010101011010101010101010101101000011
110000110101010101010101010110101010101010101010010101011010101011000011 110000110101010110101010010101010101010101011010101010101010101011000011
110000111001010101010101010110101010101010101010010101011010100111000011 110000111001010110101010010101010101010101011010101010101010100111000011
110001010110010101010101010110101010101010101010010101011010011010100011 110001010110010110101010010101010101010101011010101010101010011010100011
110001011001010101010101010110101010101010101010010101011010100110100011 110001011001010110101010010101010101010101011010101010101010100110100011
11000101100110010110011001011010011001101001100110011001100110011001100110100011 11000101100110011001100110011001100110010110011001011010011001101001100110100011
110001100101010101010101010110101010101010101010010101011010101001100011 110001100101010110101010010101010101010101011010101010101010101001100011
1100011001100110011001100110011001100110100110011001100110010110011001100011 1100011001100110100110011001100110010110011001100110011001100110011001100011
11001001100110010110011001011010011001101001100110011001100110011001100110010011 11001001100110011001100110011001100110010110011001011010011001101001100110010011
110010100101010101010101010110101010101010101010010101011010101001010011 110010100101010110101010010101010101010101011010101010101010101001010011
110010110001010101010101010110101010101010101010010101011010100011010011 110010110001010110101010010101010101010101011010101010101010100011010011
110011000101010101010101010110101010101010101010010101011010101000110011 110011000101010110101010010101010101010101011010101010101010101000110011
1100110001100110011001100110011001100110100110011001100110010110011000110011 1100110001100110100110011001100110010110011001100110011001100110011000110011
110011010001010101010101010110101010101010101010010101011010100010110011 110011010001010110101010010101010101010101011010101010101010100010110011
110011100001010101010101010110101010101010101010010101011010100001110011 110011100001010110101010010101010101010101011010101010101010100001110011
110100001101010101010101010110101010101010101010010101011010101100001011 110100001101010110101010010101010101010101011010101010101010101100001011
110100010101010101010101010110101010101010101010010101011010101010001011 110100010101010110101010010101010101010101011010101010101010101010001011
110100011001010101010101010110101010101010101010010101011010100110001011 110100011001010110101010010101010101010101011010101010101010100110001011
11010001100110010110011001011010011001101001100110011001100110011001100110001011 11010001100110011001100110011001100110010110011001011010011001101001100110001011
110100100101010101010101010110101010101010101010010101011010101001001011 110100100101010110101010010101010101010101011010101010101010101001001011
110100101010010101010101010110101010101010101010010101011010010101001011 110100101010010110101010010101010101010101011010101010101010010101001011
110101000011010101010101010110101010101010101010010101011010110000101011 110101000011010110101010010101010101010101011010101010101010110000101011
110101000101010101010101010110101010101010101010010101011010101000101011 110101000101010110101010010101010101010101011010101010101010101000101011
110101011000010101010101010110101010101010101010010101011010000110101011 110101011000010110101010010101010101010101011010101010101010000110101011
110101100001010101010101010110101010101010101010010101011010100001101011 110101100001010110101010010101010101010101011010101010101010100001101011
110110000101010101010101010110101010101010101010010101011010101000011011 110110000101010110101010010101010101010101011010101010101010101000011011
1101100001100110011001100110011001100110100110011001100110010110011000011011 1101100001100110100110011001100110010110011001100110011001100110011000011011
110110101000010101010101010110101010101010101010010101011010000101011011 110110101000010110101010010101010101010101011010101010101010000101011011
110111000001010101010101010110101010101010101010010101011010100000111011 110111000001010110101010010101010101010101011010101010101010100000111011
111000011001010101010101010110101010101010101010010101011010100110000111 111000011001010110101010010101010101010101011010101010101010100110000111
11100001100110010110011001011010011001101001100110011001100110011001100110000111 11100001100110011001100110011001100110010110011001011010011001101001100110000111
111000101001010101010101010110101010101010101010010101011010100101000111 111000101001010110101010010101010101010101011010101010101010100101000111
111000101010010101010101010110101010101010101010010101011010010101000111 111000101010010110101010010101010101010101011010101010101010010101000111
111001100001010101010101010110101010101010101010010101011010100001100111 111001100001010110101010010101010101010101011010101010101010100001100111
111010100001010101010101010110101010101010101010010101011010100001010111 111010100001010110101010010101010101010101011010101010101010100001010111
111010101000010101010101010110101010101010101010010101011010000101010111 111010101000010110101010010101010101010101011010101010101010000101010111
1111000001100110011001100110011001100110100110011001100110010110011000001111 1111000001100110100110011001100110010110011001100110011001100110011000001111
111100001001010101010101010110101010101010101010010101011010100100001111 111100001001010110101010010101010101010101011010101010101010100100001111
111100100001010101010101010110101010101010101010010101011010100001001111 111100100001010110101010010101010101010101011010101010101010100001001111
111110000001010101010101010110101010101010101010010101011010100000011111 111110000001010110101010010101010101010101011010101010101010100000011111
0000001111110101010101010101011010101010101010101001010101101010111111000000 0000001111110101011010101001010101010101010101101010101010101010111111000000
0000010101011111010101010101011010101010101010101001010101101111101010100000 0000010101011111011010101001010101010101010101101010101010101111101010100000
0000010101110111010101010101011010101010101010101001010101101110111010100000 0000010101110111011010101001010101010101010101101010101010101110111010100000
0000010101111101010101010101011010101010101010101001010101101011111010100000 0000010101111101011010101001010101010101010101101010101010101011111010100000
0000010111110101010101010101011010101010101010101001010101101010111110100000 0000010111110101011010101001010101010101010101101010101010101010111110100000
0000011011110101010101010101011010101010101010101001010101101010111101100000 0000011011110101011010101001010101010101010101101010101010101010111101100000
0000011101110101010101010101011010101010101010101001010101101010111011100000 0000011101110101011010101001010101010101010101101010101010101010111011100000
0000011110110101010101010101011010101010101010101001010101101010110111100000 0000011110110101011010101001010101010101010101101010101010101010110111100000
0000011111010101010101010101011010101010101010101001010101101010101111100000 0000011111010101011010101001010101010101010101101010101010101010101111100000
0000011111100101010101010101011010101010101010101001010101101010011111100000 0000011111100101011010101001010101010101010101101010101010101010011111100000
0000100101011111010101010101011010101010101010101001010101101111101010010000 0000100101011111011010101001010101010101010101101010101010101111101010010000
0000100111110101010101010101011010101010101010101001010101101010111110010000 0000100111110101011010101001010101010101010101101010101010101010111110010000
0000101010011111010101010101011010101010101010101001010101101111100101010000 0000101010011111011010101001010101010101010101101010101010101111100101010000
0000101010111101010101010101011010101010101010101001010101101011110101010000 0000101010111101011010101001010101010101010101101010101010101011110101010000
0000101011010111010101010101011010101010101010101001010101101110101101010000 0000101011010111011010101001010101010101010101101010101010101110101101010000
0000101011011011010101010101011010101010101010101001010101101101101101010000 0000101011011011011010101001010101010101010101101010101010101101101101010000
0000101011011101010101010101011010101010101010101001010101101011101101010000 0000101011011101011010101001010101010101010101101010101010101011101101010000
0000101011101101010101010101011010101010101010101001010101101011011101010000 0000101011101101011010101001010101010101010101101010101010101011011101010000
0000101011111001010101010101011010101010101010101001010101101001111101010000 0000101011111001011010101001010101010101010101101010101010101001111101010000
0000101101010111010101010101011010101010101010101001010101101110101011010000 0000101101010111011010101001010101010101010101101010101010101110101011010000
0000101101110101010101010101011010101010101010101001010101101010111011010000 0000101101110101011010101001010101010101010101101010101010101010111011010000
0000101110110101010101010101011010101010101010101001010101101010110111010000 0000101110110101011010101001010101010101010101101010101010101010110111010000
0000101111010101010101010101011010101010101010101001010101101010101111010000 0000101111010101011010101001010101010101010101101010101010101010101111010000
000010111110011001011001100101101001100110100110011001100110011001100110011111010000 000010111110011001100110011001100110011001011001100101101001100110100110011111010000
0000110011110101010101010101011010101010101010101001010101101010111100110000 0000110011110101011010101001010101010101010101101010101010101010111100110000
00001100111110011001100110011001100110011010011001100110011001011001111100110000 00001100111110011010011001100110011001011001100110011001100110011001111100110000
0000110101110101010101010101011010101010101010101001010101101010111010110000 0000110101110101011010101001010101010101010101101010101010101010111010110000
0000110110110101010101010101011010101010101010101001010101101010110110110000 0000110110110101011010101001010101010101010101101010101010101010110110110000
0000110111010101010101010101011010101010101010101001010101101010101110110000 0000110111010101011010101001010101010101010101101010101010101010101110110000
0000110111100101010101010101011010101010101010101001010101101010011110110000 0000110111100101011010101001010101010101010101101010101010101010011110110000
0000111001110101010101010101011010101010101010101001010101101010111001110000 0000111001110101011010101001010101010101010101101010101010101010111001110000
0000111010110101010101010101011010101010101010101001010101101010110101110000 0000111010110101011010101001010101010101010101101010101010101010110101110000
0000111011010101010101010101011010101010101010101001010101101010101101110000 0000111011010101011010101001010101010101010101101010101010101010101101110000
0000111011100101010101010101011010101010101010101001010101101010011101110000 0000111011100101011010101001010101010101010101101010101010101010011101110000
0000111100110101010101010101011010101010101010101001010101101010110011110000 0000111100110101011010101001010101010101010101101010101010101010110011110000
0000111101010101010101010101011010101010101010101001010101101010101011110000 0000111101010101011010101001010101010101010101101010101010101010101011110000
0000111101100101010101010101011010101010101010101001010101101010011011110000 0000111101100101011010101001010101010101010101101010101010101010011011110000
000011110110011001011001100101101001100110100110011001100110011001100110011011110000 000011110110011001100110011001100110011001011001100101101001100110100110011011110000
0000111110010101010101010101011010101010101010101001010101101010100111110000 0000111110010101011010101001010101010101010101101010101010101010100111110000
00001111100110011001100110011001100110011010011001100110011001011001100111110000 00001111100110011010011001100110011001011001100110011001100110011001100111110000
0000111110101001010101010101011010101010101010101001010101101001010111110000 0000111110101001011010101001010101010101010101101010101010101001010111110000
0000111111000101010101010101011010101010101010101001010101101010001111110000 0000111111000101011010101001010101010101010101101010101010101010001111110000
0001000101011111010101010101011010101010101010101001010101101111101010001000 0001000101011111011010101001010101010101010101101010101010101111101010001000
0001000101111101010101010101011010101010101010101001010101101011111010001000 0001000101111101011010101001010101010101010101101010101010101011111010001000
0001000111110101010101010101011010101010101010101001010101101010111110001000 0001000111110101011010101001010101010101010101101010101010101010111110001000
0001001010111101010101010101011010101010101010101001010101101011110101001000 0001001010111101011010101001010101010101010101101010101010101011110101001000
000100111110011001011001100101101001100110100110011001100110011001100110011111001000 000100111110011001100110011001100110011001011001100101101001100110100110011111001000
0001010010111101010101010101011010101010101010101001010101101011110100101000 0001010010111101011010101001010101010101010101101010101010101011110100101000
0001010011101101010101010101011010101010101010101001010101101011011100101000 0001010011101101011010101001010101010101010101101010101010101011011100101000
0001010100110111010101010101011010101010101010101001010101101110110010101000 0001010100110111011010101001010101010101010101101010101010101110110010101000
0001010110010111010101010101011010101010101010101001010101101110100110101000 0001010110010111011010101001010101010101010101101010101010101110100110101000
0001010110011101010101010101011010101010101010101001010101101011100110101000 0001010110011101011010101001010101010101010101101010101010101011100110101000
0001010110101101010101010101011010101010101010101001010101101011010110101000 0001010110101101011010101001010101010101010101101010101010101011010110101000
0001010110111001010101010101011010101010101010101001010101101001110110101000 0001010110111001011010101001010101010101010101101010101010101001110110101000
0001010111000111010101010101011010101010101010101001010101101110001110101000 0001010111000111011010101001010101010101010101101010101010101110001110101000
0001010111001101010101010101011010101010101010101001010101101011001110101000 0001010111001101011010101001010101010101010101101010101010101011001110101000
0001010111011001010101010101011010101010101010101001010101101001101110101000 0001010111011001011010101001010101010101010101101010101010101001101110101000
0001010111101001010101010101011010101010101010101001010101101001011110101000 0001010111101001011010101001010101010101010101101010101010101001011110101000
0001010111110001010101010101011010101010101010101001010101101000111110101000 0001010111110001011010101001010101010101010101101010101010101000111110101000
0001011001010111010101010101011010101010101010101001010101101110101001101000 0001011001010111011010101001010101010101010101101010101010101110101001101000
0001011001110101010101010101011010101010101010101001010101101010111001101000 0001011001110101011010101001010101010101010101101010101010101010111001101000
0001011011100101010101010101011010101010101010101001010101101010011101101000 0001011011100101011010101001010101010101010101101010101010101010011101101000
000101101110011001011001100101101001100110100110011001100110011001100110011101101000 000101101110011001100110011001100110011001011001100101101001100110100110011101101000
0001011101100101010101010101011010101010101010101001010101101010011011101000 0001011101100101011010101001010101010101010101101010101010101010011011101000
000101110110011001011001100101101001100110100110011001100110011001100110011011101000 000101110110011001100110011001100110011001011001100101101001100110100110011011101000
0001011110010101010101010101011010101010101010101001010101101010100111101000 0001011110010101011010101001010101010101010101101010101010101010100111101000
00010111100110011001100110011001100110011010011001100110011001011001100111101000 00010111100110011010011001100110011001011001100110011001100110011001100111101000
000110011011011001011001100101101001100110100110011001100110011001100110110110011000 000110011011011001100110011001100110011001011001100101101001100110100110110110011000
0001101001010111010101010101011010101010101010101001010101101110101001011000 0001101001010111011010101001010101010101010101101010101010101110101001011000
0001101001110101010101010101011010101010101010101001010101101010111001011000 0001101001110101011010101001010101010101010101101010101010101010111001011000
0001101010010111010101010101011010101010101010101001010101101110100101011000 0001101010010111011010101001010101010101010101101010101010101110100101011000
0001101010011101010101010101011010101010101010101001010101101011100101011000 0001101010011101011010101001010101010101010101101010101010101011100101011000
000110110110011001011001100101101001100110100110011001100110011001100110011011011000 000110110110011001100110011001100110011001011001100101101001100110100110011011011000
0001101110010101010101010101011010101010101010101001010101101010100111011000 0001101110010101011010101001010101010101010101101010101010101010100111011000
00011011100110011001100110011001100110011010011001100110011001011001100111011000 00011011100110011010011001100110011001011001100110011001100110011001100111011000
0001101110100101010101010101011010101010101010101001010101101010010111011000 0001101110100101011010101001010101010101010101101010101010101010010111011000
0001110010110101010101010101011010101010101010101001010101101010110100111000 0001110010110101011010101001010101010101010101101010101010101010110100111000
0001110101011001010101010101011010101010101010101001010101101001101010111000 0001110101011001011010101001010101010101010101101010101010101001101010111000
000111010110011001011001100101101001100110100110011001100110011001100110011010111000 000111010110011001100110011001100110011001011001100101101001100110100110011010111000
0001110110010101010101010101011010101010101010101001010101101010100110111000 0001110110010101011010101001010101010101010101101010101010101010100110111000
00011101100110011001100110011001100110011010011001100110011001011001100110111000 00011101100110011010011001100110011001011001100110011001100110011001100110111000
000111011010100101010101010101010101011010101010101010101010100101101001010110111000 000111011010100101101001010101010101010101010110101010101010101010101001010110111000
000111100110011001011001100101101001100110100110011001100110011001100110011001111000 000111100110011001100110011001100110011001011001100101101001100110100110011001111000
0001111010010101010101010101011010101010101010101001010101101010100101111000 0001111010010101011010101001010101010101010101101010101010101010100101111000
00011110100110011001100110011001100110011010011001100110011001011001100101111000 00011110100110011010011001100110011001011001100110011001100110011001100101111000
0001111100010101010101010101011010101010101010101001010101101010100011111000 0001111100010101011010101001010101010101010101101010101010101010100011111000
0001111101010001010101010101011010101010101010101001010101101000101011111000 0001111101010001011010101001010101010101010101101010101010101000101011111000
0001111110000101010101010101011010101010101010101001010101101010000111111000 0001111110000101011010101001010101010101010101101010101010101010000111111000
0010000101011111010101010101011010101010101010101001010101101111101010000100 0010000101011111011010101001010101010101010101101010101010101111101010000100
0010000111110101010101010101011010101010101010101001010101101010111110000100 0010000111110101011010101001010101010101010101101010101010101010111110000100
0010001010110111010101010101011010101010101010101001010101101110110101000100 0010001010110111011010101001010101010101010101101010101010101110110101000100
0010001010111101010101010101011010101010101010101001010101101011110101000100 0010001010111101011010101001010101010101010101101010101010101011110101000100
001000111110011001011001100101101001100110100110011001100110011001100110011111000100 001000111110011001100110011001100110011001011001100101101001100110100110011111000100
001001011110011001011001100101101001100110100110011001100110011001100110011110100100 001001011110011001100110011001100110011001011001100101101001100110100110011110100100
001001100111011001011001100101101001100110100110011001100110011001100110111001100100 001001100111011001100110011001100110011001011001100101101001100110100110111001100100
001001101110011001011001100101101001100110100110011001100110011001100110011101100100 001001101110011001100110011001100110011001011001100101101001100110100110011101100100
001001110110011001011001100101101001100110100110011001100110011001100110011011100100 001001110110011001100110011001100110011001011001100101101001100110100110011011100100
0010011110010101010101010101011010101010101010101001010101101010100111100100 0010011110010101011010101001010101010101010101101010101010101010100111100100
00100111100110011001100110011001100110011010011001100110011001011001100111100100 00100111100110011010011001100110011001011001100110011001100110011001100111100100
0010100010111101010101010101011010101010101010101001010101101011110100010100 0010100010111101011010101001010101010101010101101010101010101011110100010100
0010100011010111010101010101011010101010101010101001010101101110101100010100 0010100011010111011010101001010101010101010101101010101010101110101100010100
0010100011101101010101010101011010101010101010101001010101101011011100010100 0010100011101101011010101001010101010101010101101010101010101011011100010100
0010100110110101010101010101011010101010101010101001010101101010110110010100 0010100110110101011010101001010101010101010101101010101010101010110110010100
0010100111010101010101010101011010101010101010101001010101101010101110010100 0010100111010101011010101001010101010101010101101010101010101010101110010100
001010011110011001011001100101101001100110100110011001100110011001100110011110010100 001010011110011001100110011001100110011001011001100101101001100110100110011110010100
0010101000011111010101010101011010101010101010101001010101101111100001010100 0010101000011111011010101001010101010101010101101010101010101111100001010100
0010101011000111010101010101011010101010101010101001010101101110001101010100 0010101011000111011010101001010101010101010101101010101010101110001101010100
0010101011101001010101010101011010101010101010101001010101101001011101010100 0010101011101001011010101001010101010101010101101010101010101001011101010100
0010101011110001010101010101011010101010101010101001010101101000111101010100 0010101011110001011010101001010101010101010101101010101010101000111101010100
0010101011110100010101010101011010101010101010101001010101100010111101010100 0010101011110100011010101001010101010101010101101010101010100010111101010100
0010101100010111010101010101011010101010101010101001010101101110100011010100 0010101100010111011010101001010101010101010101101010101010101110100011010100
0010101100011101010101010101011010101010101010101001010101101011100011010100 0010101100011101011010101001010101010101010101101010101010101011100011010100
0010101100101101010101010101011010101010101010101001010101101011010011010100 0010101100101101011010101001010101010101010101101010101010101011010011010100
0010101101000111010101010101011010101010101010101001010101101110001011010100 0010101101000111011010101001010101010101010101101010101010101110001011010100
0010101101001101010101010101011010101010101010101001010101101011001011010100 0010101101001101011010101001010101010101010101101010101010101011001011010100
001010110110011001011001100101101001100110100110011001100110011001100110011011010100 001010110110011001100110011001100110011001011001100101101001100110100110011011010100
0010101101101001010101010101011010101010101010101001010101101001011011010100 0010101101101001011010101001010101010101010101101010101010101001011011010100
0010101101110001010101010101011010101010101010101001010101101000111011010100 0010101101110001011010101001010101010101010101101010101010101000111011010100
0010101101110100010101010101011010101010101010101001010101100010111011010100 0010101101110100011010101001010101010101010101101010101010100010111011010100
0010101110000111010101010101011010101010101010101001010101101110000111010100 0010101110000111011010101001010101010101010101101010101010101110000111010100
0010101110001101010101010101011010101010101010101001010101101011000111010100 0010101110001101011010101001010101010101010101101010101010101011000111010100
0010101110011001010101010101011010101010101010101001010101101001100111010100 0010101110011001011010101001010101010101010101101010101010101001100111010100
00101011100110011001100110011001100110011010011001100110011001011001100111010100 00101011100110011010011001100110011001011001100110011001100110011001100111010100
0010101110110001010101010101011010101010101010101001010101101000110111010100 0010101110110001011010101001010101010101010101101010101010101000110111010100
0010101110110100010101010101011010101010101010101001010101100010110111010100 0010101110110100011010101001010101010101010101101010101010100010110111010100
0010101111100001010101010101011010101010101010101001010101101000011111010100 0010101111100001011010101001010101010101010101101010101010101000011111010100
0010110001010111010101010101011010101010101010101001010101101110101000110100 0010110001010111011010101001010101010101010101101010101010101110101000110100
0010110001110101010101010101011010101010101010101001010101101010111000110100 0010110001110101011010101001010101010101010101101010101010101010111000110100
0010110010110101010101010101011010101010101010101001010101101010110100110100 0010110010110101011010101001010101010101010101101010101010101010110100110100
001011001110011001011001100101101001100110100110011001100110011001100110011100110100 001011001110011001100110011001100110011001011001100101101001100110100110011100110100
0010110101000111010101010101011010101010101010101001010101101110001010110100 0010110101000111011010101001010101010101010101101010101010101110001010110100
001011010110011001011001100101101001100110100110011001100110011001100110011010110100 001011010110011001100110011001100110011001011001100101101001100110100110011010110100
00101101100110011001100110011001100110011010011001100110011001011001100110110100 00101101100110011010011001100110011001011001100110011001100110011001100110110100
0010110111000101010101010101011010101010101010101001010101101010001110110100 0010110111000101011010101001010101010101010101101010101010101010001110110100
0010111000110101010101010101011010101010101010101001010101101010110001110100 0010111000110101011010101001010101010101010101101010101010101010110001110100
001011100110011001011001100101101001100110100110011001100110011001100110011001110100 001011100110011001100110011001100110011001011001100101101001100110100110011001110100
0010111010010101010101010101011010101010101010101001010101101010100101110100 0010111010010101011010101001010101010101010101101010101010101010100101110100
001011101010011001011001100101101001100110100110011001100110011001100110010101110100 001011101010011001100110011001100110011001011001100101101001100110100110010101110100
0010111011010100010101010101011010101010101010101001010101100010101101110100 0010111011010100011010101001010101010101010101101010101010100010101101110100
0010111100010101010101010101011010101010101010101001010101101010100011110100 0010111100010101011010101001010101010101010101101010101010101010100011110100
0010111101010001010101010101011010101010101010101001010101101000101011110100 0010111101010001011010101001010101010101010101101010101010101000101011110100
0010111101010100010101010101011010101010101010101001010101100010101011110100 0010111101010100011010101001010101010101010101101010101010100010101011110100
0011000011110101010101010101011010101010101010101001010101101010111100001100 0011000011110101011010101001010101010101010101101010101010101010111100001100
0011000101110101010101010101011010101010101010101001010101101010111010001100 0011000101110101011010101001010101010101010101101010101010101010111010001100
0011000110110101010101010101011010101010101010101001010101101010110110001100 0011000110110101011010101001010101010101010101101010101010101010110110001100
0011000111010101010101010101011010101010101010101001010101101010101110001100 0011000111010101011010101001010101010101010101101010101010101010101110001100
00110010011110011001100110011001100110011010011001100110011001011001111001001100 00110010011110011010011001100110011001011001100110011001100110011001111001001100
0011001010101101010101010101011010101010101010101001010101101011010101001100 0011001010101101011010101001010101010101010101101010101010101011010101001100
0011001010110011010101010101011010101010101010101001010101101100110101001100 0011001010110011011010101001010101010101010101101010101010101100110101001100
0011001011010101010101010101011010101010101010101001010101101010101101001100 0011001011010101011010101001010101010101010101101010101010101010101101001100
00110010110110011001100110011001100110011010011001100110011001011001101101001100 00110010110110011010011001100110011001011001100110011001100110011001101101001100
001100110011011001011001100101101001100110100110011001100110011001100110110011001100 001100110011011001100110011001100110011001011001100101101001100110100110110011001100
00110011001110011001100110011001100110011010011001100110011001011001110011001100 00110011001110011010011001100110011001011001100110011001100110011001110011001100
0011001101010101010101010101011010101010101010101001010101101010101011001100 0011001101010101011010101001010101010101010101101010101010101010101011001100
001100110110011001011001100101101001100110100110011001100110011001100110011011001100 001100110110011001100110011001100110011001011001100101101001100110100110011011001100
0011001110010101010101010101011010101010101010101001010101101010100111001100 0011001110010101011010101001010101010101010101101010101010101010100111001100
00110011100110011001100110011001100110011010011001100110011001011001100111001100 00110011100110011010011001100110011001011001100110011001100110011001100111001100
00110011110010011001100110011001100110011010011001100110011001011001001111001100 00110011110010011010011001100110011001011001100110011001100110011001001111001100
0011010001110101010101010101011010101010101010101001010101101010111000101100 0011010001110101011010101001010101010101010101101010101010101010111000101100
0011010010101101010101010101011010101010101010101001010101101011010100101100 0011010010101101011010101001010101010101010101101010101010101011010100101100
0011010011100101010101010101011010101010101010101001010101101010011100101100 0011010011100101011010101001010101010101010101101010101010101010011100101100
0011010101001101010101010101011010101010101010101001010101101011001010101100 0011010101001101011010101001010101010101010101101010101010101011001010101100
001101010110011001011001100101101001100110100110011001100110011001100110011010101100 001101010110011001100110011001100110011001011001100101101001100110100110011010101100
0011010101101001010101010101011010101010101010101001010101101001011010101100 0011010101101001011010101001010101010101010101101010101010101001011010101100
0011010110010101010101010101011010101010101010101001010101101010100110101100 0011010110010101011010101001010101010101010101101010101010101010100110101100
00110101100110011001100110011001100110011010011001100110011001011001100110101100 00110101100110011010011001100110011001011001100110011001100110011001100110101100
0011010111000101010101010101011010101010101010101001010101101010001110101100 0011010111000101011010101001010101010101010101101010101010101010001110101100
0011010111010001010101010101011010101010101010101001010101101000101110101100 0011010111010001011010101001010101010101010101101010101010101000101110101100
0011011000110101010101010101011010101010101010101001010101101010110001101100 0011011000110101011010101001010101010101010101101010101010101010110001101100
001101100110011001011001100101101001100110100110011001100110011001100110011001101100 001101100110011001100110011001100110011001011001100101101001100110100110011001101100
0011011010010101010101010101011010101010101010101001010101101010100101101100 0011011010010101011010101001010101010101010101101010101010101010100101101100
00110110100110011001100110011001100110011010011001100110011001011001100101101100 00110110100110011010011001100110011001011001100110011001100110011001100101101100
0011011011000101010101010101011010101010101010101001010101101010001101101100 0011011011000101011010101001010101010101010101101010101010101010001101101100
0011011100010101010101010101011010101010101010101001010101101010100011101100 0011011100010101011010101001010101010101010101101010101010101010100011101100
0011011110000101010101010101011010101010101010101001010101101010000111101100 0011011110000101011010101001010101010101010101101010101010101010000111101100
0011100001110101010101010101011010101010101010101001010101101010111000011100 0011100001110101011010101001010101010101010101101010101010101010111000011100
0011100010110101010101010101011010101010101010101001010101101010110100011100 0011100010110101011010101001010101010101010101101010101010101010110100011100
0011100011010101010101010101011010101010101010101001010101101010101100011100 0011100011010101011010101001010101010101010101101010101010101010101100011100
0011100011100101010101010101011010101010101010101001010101101010011100011100 0011100011100101011010101001010101010101010101101010101010101010011100011100
0011100101001101010101010101011010101010101010101001010101101011001010011100 0011100101001101011010101001010101010101010101101010101010101011001010011100
0011100101011010100101010101011010101010101010101001010101010101101010011100 0011100101011010101010101001010101010101010101101010101010010101101010011100
0011100101100101010101010101011010101010101010101001010101101010011010011100 0011100101100101011010101001010101010101010101101010101010101010011010011100
001110010110011001011001100101101001100110100110011001100110011001100110011010011100 001110010110011001100110011001100110011001011001100101101001100110100110011010011100
0011100110010101010101010101011010101010101010101001010101101010100110011100 0011100110010101011010101001010101010101010101101010101010101010100110011100
00111001100110011001100110011001100110011010011001100110011001011001100110011100 00111001100110011010011001100110011001011001100110011001100110011001100110011100
0011100111000101010101010101011010101010101010101001010101101010001110011100 0011100111000101011010101001010101010101010101101010101010101010001110011100
0011101000110101010101010101011010101010101010101001010101101010110001011100 0011101000110101011010101001010101010101010101101010101010101010110001011100
001110100110011001011001100101101001100110100110011001100110011001100110011001011100 001110100110011001100110011001100110011001011001100101101001100110100110011001011100
0011101010010101010101010101011010101010101010101001010101101010100101011100 0011101010010101011010101001010101010101010101101010101010101010100101011100
00111010100110011001100110011001100110011010011001100110011001011001100101011100 00111010100110011010011001100110011001011001100110011001100110011001100101011100
0011101011000101010101010101011010101010101010101001010101101010001101011100 0011101011000101011010101001010101010101010101101010101010101010001101011100
0011101100010101010101010101011010101010101010101001010101101010100011011100 0011101100010101011010101001010101010101010101101010101010101010100011011100
0011101101000101010101010101011010101010101010101001010101101010001011011100 0011101101000101011010101001010101010101010101101010101010101010001011011100
0011101101010001010101010101011010101010101010101001010101101000101011011100 0011101101010001011010101001010101010101010101101010101010101000101011011100
0011101101010100010101010101011010101010101010101001010101100010101011011100 0011101101010100011010101001010101010101010101101010101010100010101011011100
0011101110000101010101010101011010101010101010101001010101101010000111011100 0011101110000101011010101001010101010101010101101010101010101010000111011100
0011110000110101010101010101011010101010101010101001010101101010110000111100 0011110000110101011010101001010101010101010101101010101010101010110000111100
0011110001010101010101010101011010101010101010101001010101101010101000111100 0011110001010101011010101001010101010101010101101010101010101010101000111100
001111000110011001011001100101101001100110100110011001100110011001100110011000111100 001111000110011001100110011001100110011001011001100101101001100110100110011000111100
0011110010010101010101010101011010101010101010101001010101101010100100111100 0011110010010101011010101001010101010101010101101010101010101010100100111100
00111100100110011001100110011001100110011010011001100110011001011001100100111100 00111100100110011010011001100110011001011001100110011001100110011001100100111100
001111001010011001011001100101101001100110100110011001100110011001100110010100111100 001111001010011001100110011001100110011001011001100101101001100110100110010100111100
0011110010101001010101010101011010101010101010101001010101101001010100111100 0011110010101001011010101001010101010101010101101010101010101001010100111100
0011110100010101010101010101011010101010101010101001010101101010100010111100 0011110100010101011010101001010101010101010101101010101010101010100010111100
0011110101010001010101010101011010101010101010101001010101101000101010111100 0011110101010001011010101001010101010101010101101010101010101000101010111100
0011110110000101010101010101011010101010101010101001010101101010000110111100 0011110110000101011010101001010101010101010101101010101010101010000110111100
0011111000010101010101010101011010101010101010101001010101101010100001111100 0011111000010101011010101001010101010101010101101010101010101010100001111100
0011111010100001010101010101011010101010101010101001010101101000010101111100 0011111010100001011010101001010101010101010101101010101010101000010101111100
0011111100000101010101010101011010101010101010101001010101101010000011111100 0011111100000101011010101001010101010101010101101010101010101010000011111100
0100000101011111010101010101011010101010101010101001010101101111101010000010 0100000101011111011010101001010101010101010101101010101010101111101010000010
0100000101111101010101010101011010101010101010101001010101101011111010000010 0100000101111101011010101001010101010101010101101010101010101011111010000010
0100000111110101010101010101011010101010101010101001010101101010111110000010 0100000111110101011010101001010101010101010101101010101010101010111110000010
0100001001111101010101010101011010101010101010101001010101101011111001000010 0100001001111101011010101001010101010101010101101010101010101011111001000010
0100001010111101010101010101011010101010101010101001010101101011110101000010 0100001010111101011010101001010101010101010101101010101010101011110101000010
0100001011010111010101010101011010101010101010101001010101101110101101000010 0100001011010111011010101001010101010101010101101010101010101110101101000010
0100001011101101010101010101011010101010101010101001010101101011011101000010 0100001011101101011010101001010101010101010101101010101010101011011101000010
0100001011110101010101010101011010101010101010101001010101101010111101000010 0100001011110101011010101001010101010101010101101010101010101010111101000010
0100001101110101010101010101011010101010101010101001010101101010111011000010 0100001101110101011010101001010101010101010101101010101010101010111011000010
0100001110110101010101010101011010101010101010101001010101101010110111000010 0100001110110101011010101001010101010101010101101010101010101010110111000010
0100001111010101010101010101011010101010101010101001010101101010101111000010 0100001111010101011010101001010101010101010101101010101010101010101111000010
0100001111100101010101010101011010101010101010101001010101101010011111000010 0100001111100101011010101001010101010101010101101010101010101010011111000010
010000111110011001011001100101101001100110100110011001100110011001100110011111000010 010000111110011001100110011001100110011001011001100101101001100110100110011111000010
0100010011101011010101010101011010101010101010101001010101101101011100100010 0100010011101011011010101001010101010101010101101010101010101101011100100010
0100010011110101010101010101011010101010101010101001010101101010111100100010 0100010011110101011010101001010101010101010101101010101010101010111100100010
0100010100101111010101010101011010101010101010101001010101101111010010100010 0100010100101111011010101001010101010101010101101010101010101111010010100010
0100010100111101010101010101011010101010101010101001010101101011110010100010 0100010100111101011010101001010101010101010101101010101010101011110010100010
0100010101011101010101010101011010101010101010101001010101101011101010100010 0100010101011101011010101001010101010101010101101010101010101011101010100010
0100010101100111010101010101011010101010101010101001010101101110011010100010 0100010101100111011010101001010101010101010101101010101010101110011010100010
0100010101101011010101010101011010101010101010101001010101101101011010100010 0100010101101011011010101001010101010101010101101010101010101101011010100010
0100010101110101010101010101011010101010101010101001010101101010111010100010 0100010101110101011010101001010101010101010101101010101010101010111010100010
0100010101111001010101010101011010101010101010101001010101101001111010100010 0100010101111001011010101001010101010101010101101010101010101001111010100010
0100010110101011010101010101011010101010101010101001010101101101010110100010 0100010110101011011010101001010101010101010101101010101010101101010110100010
0100010111100101010101010101011010101010101010101001010101101010011110100010 0100010111100101011010101001010101010101010101101010101010101010011110100010
0100011001010111010101010101011010101010101010101001010101101110101001100010 0100011001010111011010101001010101010101010101101010101010101110101001100010
010001101110011001011001100101101001100110100110011001100110011001100110011101100010 010001101110011001100110011001100110011001011001100101101001100110100110011101100010
0100011100110101010101010101011010101010101010101001010101101010110011100010 0100011100110101011010101001010101010101010101101010101010101010110011100010
0100011101010101010101010101011010101010101010101001010101101010101011100010 0100011101010101011010101001010101010101010101101010101010101010101011100010
010001110110011001011001100101101001100110100110011001100110011001100110011011100010 010001110110011001100110011001100110011001011001100101101001100110100110011011100010
0100011110010101010101010101011010101010101010101001010101101010100111100010 0100011110010101011010101001010101010101010101101010101010101010100111100010
01000111100110011001100110011001100110011010011001100110011001011001100111100010 01000111100110011010011001100110011001011001100110011001100110011001100111100010
0100011110101001010101010101011010101010101010101001010101101001010111100010 0100011110101001011010101001010101010101010101101010101010101001010111100010
0100100001111101010101010101011010101010101010101001010101101011111000010010 0100100001111101011010101001010101010101010101101010101010101011111000010010
0100100010101111010101010101011010101010101010101001010101101111010100010010 0100100010101111011010101001010101010101010101101010101010101111010100010010
0100100011110101010101010101011010101010101010101001010101101010111100010010 0100100011110101011010101001010101010101010101101010101010101010111100010010
010010011110011001011001100101101001100110100110011001100110011001100110011110010010 010010011110011001100110011001100110011001011001100101101001100110100110011110010010
0100101010011011010101010101011010101010101010101001010101101101100101010010 0100101010011011011010101001010101010101010101101010101010101101100101010010
010010101110011001011001100101101001100110100110011001100110011001100110011101010010 010010101110011001100110011001100110011001011001100101101001100110100110011101010010
0100101011101001010101010101011010101010101010101001010101101001011101010010 0100101011101001011010101001010101010101010101101010101010101001011101010010
0100101011110100010101010101011010101010101010101001010101100010111101010010 0100101011110100011010101001010101010101010101101010101010100010111101010010
0100101100110101010101010101011010101010101010101001010101101010110011010010 0100101100110101011010101001010101010101010101101010101010101010110011010010
0100101101010101010101010101011010101010101010101001010101101010101011010010 0100101101010101011010101001010101010101010101101010101010101010101011010010
0100101101010110010101010101011010101010101010101001010101100110101011010010 0100101101010110011010101001010101010101010101101010101010100110101011010010
010010110110011001011001100101101001100110100110011001100110011001100110011011010010 010010110110011001100110011001100110011001011001100101101001100110100110011011010010
0100101110010101010101010101011010101010101010101001010101101010100111010010 0100101110010101011010101001010101010101010101101010101010101010100111010010
01001011100110011001100110011001100110011010011001100110011001011001100111010010 01001011100110011010011001100110011001011001100110011001100110011001100111010010
0100101111010100010101010101011010101010101010101001010101100010101111010010 0100101111010100011010101001010101010101010101101010101010100010101111010010


***
10101101000110100101010110100101010101010101101010101010101010100101010110100101101010100101100010110101 10101101000110100101010110100101101010100101010101010101010110101010101010100101101010100101100010110101
